1727395122895 0.23137254901960785 1
1727395763705 0.38823529411764707 2
1727396415231 0.47843137254901963 3
1727397065520 0.4666666666666667 4
1727397717479 0.49411764705882355 5
1727398370430 0.5549019607843138 6
1727399019885 0.5196078431372549 7
1727399672354 0.5607843137254902 8
1727400324439 0.5549019607843138 9
1727400972159 0.5941176470588235 10
1727401622813 0.5666666666666667 11
1727402270362 0.6078431372549019 12
1727402918643 0.6058823529411764 13
1727403569299 0.6176470588235294 14
1727404218891 0.6137254901960785 15
1727404869754 0.6235294117647059 16
1727405518772 0.6294117647058823 17
1727406170608 0.6372549019607843 18
1727406963031 0.6313725490196078 19
1727407761573 0.6352941176470588 20
1727408704138 0.6392156862745098 21
1727409576239 0.6137254901960785 22
1727410179188 0.6647058823529411 23
1727410819850 0.6294117647058823 24
1727411468187 0.6509803921568628 25
1727412119048 0.6686274509803921 26
1727412834464 0.6666666666666666 27
1727413480381 0.6549019607843137 28
1727414129444 0.6784313725490196 29
1727414780374 0.6568627450980392 30
1727415437205 0.6843137254901961 31
1727416092558 0.692156862745098 32
1727416749206 0.6725490196078432 33
1727417400799 0.6803921568627451 34
1727418053209 0.6803921568627451 35
1727418705964 0.6686274509803921 36
1727419358333 0.6823529411764706 37
1727420010460 0.6862745098039216 38
1727420662036 0.7137254901960784 39
1727421317255 0.6568627450980392 40
1727421973983 0.7 41
1727422622197 0.6607843137254902 42
1727423273919 0.7 43
