1727395122895 1.729681706428528 1
1727395763705 1.485547935962677 2
1727396415231 1.3601208686828614 3
1727397065520 1.2997762084007263 4
1727397717479 1.247521847486496 5
1727398370430 1.1903659462928773 6
1727399019885 1.1626548528671266 7
1727399672354 1.1481812477111817 8
1727400324439 1.171782523393631 9
1727400972159 1.0790228188037871 10
1727401622813 1.0912460803985595 11
1727402270362 1.0462741613388062 12
1727402918643 1.0374505519866943 13
1727403569299 1.0809828460216522 14
1727404218891 0.9861343443393707 15
1727404869754 1.0513511061668397 16
1727405518772 1.09051313996315 17
1727406170608 1.0362448692321777 18
1727406963031 0.9838000237941742 19
1727407761573 0.9746500730514527 20
1727408704138 0.9594053745269775 21
1727409576239 1.0461466550827025 22
1727410179188 0.9502493143081665 23
1727410819850 1.0720058023929595 24
1727411468187 0.9767740368843079 25
1727412119048 0.9410441935062408 26
1727412834464 1.0012253284454347 27
1727413480381 1.0167303264141083 28
1727414129444 0.9896198630332946 29
1727414780374 0.9427254140377045 30
1727415437205 0.9124898970127105 31
1727416092558 1.055605149269104 32
1727416749206 1.0260306477546692 33
1727417400799 1.0453264534473419 34
1727418053209 1.0040996670722961 35
1727418705964 0.9089144825935364 36
1727419358333 0.929975152015686 37
1727420010460 0.8286491572856903 38
1727420662036 0.9022178232669831 39
1727421317255 1.1112568020820617 40
1727421973983 1.0268568217754364 41
1727422622197 1.1847351849079133 42
1727423273919 0.9730417102575302 43
