1727530439069 1.6824609279632567 1
1727531095749 1.4494652271270752 2
1727531760467 1.298720121383667 3
1727532421092 1.2435992240905762 4
1727533081221 1.2196374177932738 5
1727533740296 1.1503238201141357 6
1727534399500 1.1263910710811615 7
1727535055686 1.138238364458084 8
1727535712577 1.1484097599983216 9
1727536368969 1.0665091693401336 10
1727537021271 1.0677369356155395 11
1727537679276 1.0290461719036101 12
1727538332191 1.0859681367874146 13
1727538988208 1.045219647884369 14
1727539643909 1.0244035422801971 15
1727540294062 1.088805615901947 16
1727540950508 1.0475157558918 17
1727541606363 1.02075252532959 18
1727542262691 1.0548751294612884 19
1727542915891 1.017805463075638 20
1727543567892 1.0890251576900483 21
1727544220767 1.0492503643035889 22
1727544872238 1.0498842000961304 23
1727545527586 1.057776552438736 24
1727546178874 1.0994860589504243 25
