1727530439069 0.3431372549019608 1
1727531095749 0.40784313725490196 2
1727531760467 0.49019607843137253 3
1727532421092 0.4980392156862745 4
1727533081221 0.515686274509804 5
1727533740296 0.5862745098039216 6
1727534399500 0.5705882352941176 7
1727535055686 0.5823529411764706 8
1727535712577 0.5843137254901961 9
1727536368969 0.5980392156862745 10
1727537021271 0.5862745098039216 11
1727537679276 0.6098039215686275 12
1727538332191 0.6196078431372549 13
1727538988208 0.615686274509804 14
1727539643909 0.6294117647058823 15
1727540294062 0.6411764705882353 16
1727540950508 0.6392156862745098 17
1727541606363 0.6470588235294118 18
1727542262691 0.6352941176470588 19
1727542915891 0.6333333333333333 20
1727543567892 0.6313725490196078 21
1727544220767 0.6333333333333333 22
1727544872238 0.6490196078431373 23
1727545527586 0.6588235294117647 24
1727546178874 0.6490196078431373 25
