1729085173481 0.3352941176470588 1
1729085817974 0.3843137254901961 2
1729086468154 0.4823529411764706 3
1729087116260 0.5019607843137255 4
1729087765158 0.5352941176470588 5
1729088414011 0.6 6
1729089061370 0.5764705882352941 7
1729089709724 0.5745098039215686 8
1729090359624 0.611764705882353 9
1729091008129 0.5980392156862745 10
1729091658805 0.5764705882352941 11
1729092311534 0.596078431372549 12
1729092964066 0.6254901960784314 13
1729093624980 0.6431372549019608 14
1729094278954 0.6647058823529411 15
1729094934151 0.6411764705882353 16
1729095584663 0.6352941176470588 17
1729096238403 0.6450980392156863 18
1729096889691 0.6529411764705882 19
