1729085173481 1.675428831577301 1
1729085817974 1.4380748987197876 2
1729086468154 1.2969864130020141 3
1729087116260 1.2398467183113098 4
1729087765158 1.211955976486206 5
1729088414011 1.1410995721817017 6
1729089061370 1.1246684789657593 7
1729089709724 1.1235435247421264 8
1729090359624 1.1016616702079773 9
1729091008129 1.0742946207523345 10
1729091658805 1.0709764897823333 11
1729092311534 1.0507379293441772 12
1729092964066 1.0875394105911256 13
1729093624980 0.9990610480308533 14
1729094278954 1.0044598579406738 15
1729094934151 1.0706749200820922 16
1729095584663 1.0765384674072265 17
1729096238403 1.0360986828804015 18
1729096889691 1.040232926607132 19
