1728099261305 0.3254901960784314 1
1728099919245 0.39215686274509803 2
1728100608378 0.49019607843137253 3
1728101279902 0.5098039215686274 4
1728101940399 0.5333333333333333 5
1728102602108 0.5705882352941176 6
1728103260806 0.5803921568627451 7
1728103919756 0.596078431372549 8
1728104576255 0.6039215686274509 9
1728105238981 0.6196078431372549 10
1728105899027 0.596078431372549 11
1728106559503 0.6137254901960785 12
1728107220537 0.6627450980392157 13
1728107908416 0.6313725490196078 14
1728108566278 0.6647058823529411 15
1728109233473 0.6411764705882353 16
1728109903963 0.6509803921568628 17
1728110572623 0.6843137254901961 18
1728111232277 0.6627450980392157 19
1728111890409 0.6647058823529411 20
