1728099261305 1.6768421292304994 1
1728099919245 1.4449862122535706 2
1728100608378 1.295853865146637 3
1728101279902 1.2446933150291444 4
1728101940399 1.1967554688453674 5
1728102602108 1.1308302938938142 6
1728103260806 1.0810764491558076 7
1728103919756 1.088708186149597 8
1728104576255 1.1068943977355956 9
1728105238981 1.0469987094402313 10
1728105899027 1.0379302263259889 11
1728106559503 1.0041395783424378 12
1728107220537 1.0288821935653687 13
1728107908416 0.9865260660648346 14
1728108566278 0.9657031893730164 15
1728109233473 1.0411800682544707 16
1728109903963 1.0427641808986663 17
1728110572623 0.9784976124763489 18
1728111232277 1.0210547983646392 19
1728111890409 1.0292154729366303 20
