1728915989515 1.672908651828766 1
1728916633888 1.3968246817588805 2
1728917279457 1.3223613500595093 3
1728917923920 1.275087296962738 4
1728918571489 1.2377991795539856 5
1728919218193 1.205099493265152 6
1728919864300 1.1573086977005005 7
1728920727808 1.1449878454208373 8
1728921565987 1.1192176520824433 9
1728922401196 1.1087497115135192 10
1728923237841 1.047900664806366 11
1728924072735 1.0439771115779877 12
1728924906820 1.024075484275818 13
1728925742887 1.0300099730491639 14
1728926572666 0.9789401590824127 15
1728927408344 0.9856366515159607 16
1728928238645 1.0484853029251098 17
1728929070181 1.021642118692398 18
1728929901743 0.9709058165550232 19
1728930737944 1.0264358937740325 20
1728931575315 1.036286425590515 21
1728932408129 0.960482406616211 22
1728933242898 0.9635332643985748 23
1728934078478 1.0146694481372833 24
1728934912610 0.9891395270824432 25
1728935744521 1.0736641347408296 26
1728936577079 1.0137058913707733 27
