1728915989515 0.34509803921568627 1
1728916633888 0.4117647058823529 2
1728917279457 0.4588235294117647 3
1728917923920 0.49019607843137253 4
1728918571489 0.5019607843137255 5
1728919218193 0.5450980392156862 6
1728919864300 0.5490196078431373 7
1728920727808 0.5647058823529412 8
1728921565987 0.5823529411764706 9
1728922401196 0.5901960784313726 10
1728923237841 0.596078431372549 11
1728924072735 0.6058823529411764 12
1728924906820 0.6392156862745098 13
1728925742887 0.6196078431372549 14
1728926572666 0.6215686274509804 15
1728927408344 0.6313725490196078 16
1728928238645 0.611764705882353 17
1728929070181 0.6568627450980392 18
1728929901743 0.6627450980392157 19
1728930737944 0.6352941176470588 20
1728931575315 0.6725490196078432 21
1728932408129 0.6627450980392157 22
1728933242898 0.6843137254901961 23
1728934078478 0.6745098039215687 24
1728934912610 0.6725490196078432 25
1728935744521 0.6529411764705882 26
1728936577079 0.6725490196078432 27
