1728884906158 1.6929930686950683 1
1728885523709 1.380809736251831 2
1728886155803 1.3558038115501403 3
1728886792613 1.273442840576172 4
1728887431922 1.3261392891407013 5
1728888072799 1.2681344330310822 6
1728888714125 1.294112902879715 7
1728889353252 1.2894071817398072 8
1728889993663 1.2208810925483704 9
1728890661978 1.3067461848258972 10
1728891292218 1.3190505623817443 11
1728891931271 1.2666758716106414 12
1728892637498 1.2816885709762573 13
1728893278240 1.2129014313220978 14
1728893919388 1.2235177159309387 15
1728894560269 1.313210242986679 16
1728895203299 1.3464271783828736 17
1728895842493 1.3519586145877838 18
1728896480852 1.301028960943222 19
