1728884906158 0.3137254901960784 1
1728885523709 0.39019607843137255 2
1728886155803 0.47843137254901963 3
1728886792613 0.5078431372549019 4
1728887431922 0.515686274509804 5
1728888072799 0.515686274509804 6
1728888714125 0.5372549019607843 7
1728889353252 0.5294117647058824 8
1728889993663 0.5490196078431373 9
1728890661978 0.5627450980392157 10
1728891292218 0.5647058823529412 11
1728891931271 0.5568627450980392 12
1728892637498 0.5941176470588235 13
1728893278240 0.5901960784313726 14
1728893919388 0.5882352941176471 15
1728894560269 0.596078431372549 16
1728895203299 0.5882352941176471 17
1728895842493 0.5941176470588235 18
1728896480852 0.5705882352941176 19
