1728394655116 1.6835895419120788 1
1728395308449 1.4251388907432556 2
1728395962255 1.2813039302825928 3
1728396613695 1.2227903127670288 4
1728397266311 1.2050756633281707 5
1728397925588 1.1370539307594298 6
1728398582560 1.100116741657257 7
1728399238577 1.12138130068779 8
1728399896695 1.114172673225403 9
1728400560543 1.0750409305095672 10
1728401217521 1.022602915763855 11
1728401879807 0.9893788754940033 12
1728402534499 1.0436575353145598 13
1728403189668 0.9755733489990235 14
1728403849019 0.9673871040344239 15
1728404509572 1.0820621430873871 16
1728405168980 1.0356330871582031 17
1728405828457 1.019021612405777 18
1728406485575 1.029156857728958 19
1728407145708 1.0537888348102569 20
