1728394655116 0.30392156862745096 1
1728395308449 0.396078431372549 2
1728395962255 0.5176470588235295 3
1728396613695 0.5372549019607843 4
1728397266311 0.5235294117647059 5
1728397925588 0.5725490196078431 6
1728398582560 0.5764705882352941 7
1728399238577 0.6058823529411764 8
1728399896695 0.615686274509804 9
1728400560543 0.6254901960784314 10
1728401217521 0.5901960784313726 11
1728401879807 0.6254901960784314 12
1728402534499 0.6372549019607843 13
1728403189668 0.6411764705882353 14
1728403849019 0.6568627450980392 15
1728404509572 0.6411764705882353 16
1728405168980 0.6509803921568628 17
1728405828457 0.6725490196078432 18
1728406485575 0.6411764705882353 19
1728407145708 0.6411764705882353 20
