1727668218029 0.2235294117647059 1
1727668867945 0.3843137254901961 2
1727669520519 0.4647058823529412 3
1727670172975 0.4647058823529412 4
1727670829312 0.5098039215686274 5
1727671480450 0.5607843137254902 6
1727672132465 0.5333333333333333 7
1727672787908 0.5529411764705883 8
1727673437561 0.5627450980392157 9
1727674089121 0.5784313725490197 10
1727674738642 0.5725490196078431 11
1727675388813 0.6019607843137255 12
1727676083259 0.615686274509804 13
1727676726471 0.6176470588235294 14
1727677375780 0.6509803921568628 15
1727678083062 0.6 16
1727678718613 0.611764705882353 17
1727679369144 0.6411764705882353 18
1727680020533 0.6431372549019608 19
1727680672493 0.6313725490196078 20
