1727668218029 1.727166771888733 1
1727668867945 1.521903645992279 2
1727669520519 1.3951388239860534 3
1727670172975 1.3176531791687012 4
1727670829312 1.2668109655380249 5
1727671480450 1.2070409893989562 6
1727672132465 1.1578131318092346 7
1727672787908 1.1487869620323181 8
1727673437561 1.1432081520557404 9
1727674089121 1.1111877977848053 10
1727674738642 1.078558522462845 11
1727675388813 1.0738978564739228 12
1727676083259 1.066887778043747 13
1727676726471 1.1047599375247956 14
1727677375780 0.9734480082988739 15
1727678083062 1.0736997246742248 16
1727678718613 1.0932089269161225 17
1727679369144 1.0523336231708527 18
1727680020533 0.9859255135059357 19
1727680672493 0.9895509004592895 20
