1728992549009 1.69613196849823 1
1728993205503 1.4290682673454285 2
1728993861390 1.3035649061203003 3
1728994517923 1.2493529558181762 4
1728995172467 1.183533138036728 5
1728995835395 1.120719075202942 6
1728996492207 1.1055336117744445 7
1728997151598 1.0736428678035737 8
1728997809465 1.0542973279953003 9
1728998468304 1.0250610053539275 10
1728999129125 0.9485962688922882 11
1728999790447 0.9247772336006165 12
1729000511397 0.9432812631130219 13
1729001156149 0.8887911140918732 14
1729001815819 0.8842028439044952 15
1729002474756 0.8734375417232514 16
1729003135678 0.8998812377452851 17
1729003792019 0.8415617346763611 18
1729004450371 0.7994920492172242 19
1729005107521 0.8671965777873993 20
1729005765949 0.8622783362865448 21
1729006424620 0.8378275871276856 22
1729007085220 0.8070696473121644 23
1729007742632 0.8290030181407928 24
