1728992549009 0.3333333333333333 1
1728993205503 0.41568627450980394 2
1728993861390 0.4725490196078431 3
1728994517923 0.5176470588235295 4
1728995172467 0.5450980392156862 5
1728995835395 0.5627450980392157 6
1728996492207 0.5549019607843138 7
1728997151598 0.5862745098039216 8
1728997809465 0.596078431372549 9
1728998468304 0.596078431372549 10
1728999129125 0.6078431372549019 11
1728999790447 0.6686274509803921 12
1729000511397 0.6568627450980392 13
1729001156149 0.6627450980392157 14
1729001815819 0.6470588235294118 15
1729002474756 0.6745098039215687 16
1729003135678 0.6666666666666666 17
1729003792019 0.7019607843137254 18
1729004450371 0.7 19
1729005107521 0.696078431372549 20
1729005765949 0.707843137254902 21
1729006424620 0.6941176470588235 22
1729007085220 0.7019607843137254 23
1729007742632 0.7019607843137254 24
