1729097564890 1.6850474715232848 1
1729098217993 1.4226314187049867 2
1729098868441 1.2928061604499816 3
1729099518132 1.2369876503944397 4
1729100458551 1.172902137041092 5
1729101365666 1.1018562197685242 6
1729102281911 1.0714281678199769 7
1729103194427 1.0494805991649627 8
1729104108885 1.0453047037124634 9
1729105019188 0.9978263556957245 10
1729105932951 0.9453854620456695 11
1729106849005 0.9081953704357147 12
1729107760401 0.9342390120029449 13
1729108675489 0.9186459422111511 14
1729109589946 0.8651916682720184 15
1729110499838 0.8811402738094329 16
1729111403683 0.8811686605215072 17
1729112309011 0.8497234225273133 18
1729113217875 0.84760280251503 19
1729114126602 0.8547305405139923 20
1729115034818 0.866840022802353 21
1729115942918 0.8560913383960724 22
1729116851062 0.8134637027978897 23
1729117764879 0.8423232436180115 24
1729118672169 0.8728570848703384 25
1729119582986 0.8554075300693512 26
1729120494361 0.8306323230266571 27
1729121405318 0.8384546577930451 28
