1729097564890 0.32745098039215687 1
1729098217993 0.39019607843137255 2
1729098868441 0.4666666666666667 3
1729099518132 0.5274509803921569 4
1729100458551 0.5568627450980392 5
1729101365666 0.5509803921568628 6
1729102281911 0.5509803921568628 7
1729103194427 0.5843137254901961 8
1729104108885 0.6058823529411764 9
1729105019188 0.6274509803921569 10
1729105932951 0.6254901960784314 11
1729106849005 0.6725490196078432 12
1729107760401 0.6705882352941176 13
1729108675489 0.6431372549019608 14
1729109589946 0.6823529411764706 15
1729110499838 0.6901960784313725 16
1729111403683 0.6745098039215687 17
1729112309011 0.7058823529411765 18
1729113217875 0.707843137254902 19
1729114126602 0.692156862745098 20
1729115034818 0.6823529411764706 21
1729115942918 0.6823529411764706 22
1729116851062 0.703921568627451 23
1729117764879 0.7137254901960784 24
1729118672169 0.7176470588235294 25
1729119582986 0.7 26
1729120494361 0.7215686274509804 27
1729121405318 0.711764705882353 28
