1728956074862 0.23529411764705882 1
1728956818464 0.3784313725490196 2
1728957467398 0.4627450980392157 3
1728958118291 0.5078431372549019 4
1728958768794 0.5019607843137255 5
1728959418528 0.5450980392156862 6
1728960068173 0.5274509803921569 7
1728960718107 0.5588235294117647 8
1728961404921 0.5705882352941176 9
1728962278288 0.5803921568627451 10
1728963101764 0.5843137254901961 11
1728963712453 0.6078431372549019 12
1728964426185 0.6294117647058823 13
1728965262970 0.6313725490196078 14
1728966104914 0.6039215686274509 15
1728966947165 0.6176470588235294 16
1728967786606 0.6137254901960785 17
1728968669413 0.6529411764705882 18
1728969512034 0.6470588235294118 19
1728970349059 0.6313725490196078 20
1728971191765 0.6509803921568628 21
1728972027083 0.6470588235294118 22
1728972864249 0.6666666666666666 23
1728973702528 0.6294117647058823 24
1728974547801 0.6607843137254902 25
1728975385039 0.6607843137254902 26
1728976220249 0.6686274509803921 27
