1728956074862 1.7315179347991942 1
1728956818464 1.4336340188980103 2
1728957467398 1.3410422444343566 3
1728958118291 1.289637839794159 4
1728958768794 1.2260944664478302 5
1728959418528 1.2026808738708497 6
1728960068173 1.1965147137641907 7
1728960718107 1.1277137875556946 8
1728961404921 1.1688420474529266 9
1728962278288 1.1179455757141112 10
1728963101764 1.0573040783405303 11
1728963712453 1.0826896011829377 12
1728964426185 1.0419485032558442 13
1728965262970 1.0570037186145782 14
1728966104914 1.0359100997447968 15
1728966947165 1.0576730966567993 16
1728967786606 1.0565472424030304 17
1728968669413 0.9918659567832947 18
1728969512034 0.9792436301708222 19
1728970349059 1.0729968786239623 20
1728971191765 1.0556004285812377 21
1728972027083 0.975281423330307 22
1728972864249 1.0041477024555205 23
1728973702528 0.9967780709266663 24
1728974547801 1.0247462093830109 25
1728975385039 0.9817541122436524 26
1728976220249 1.0427819967269898 27
