1728596699141 0.33137254901960783 1
1728597401145 0.3980392156862745 2
1728598043705 0.5137254901960784 3
1728598701664 0.5352941176470588 4
1728599361438 0.5372549019607843 5
1728600024906 0.5823529411764706 6
1728600724553 0.5764705882352941 7
1728601427086 0.5843137254901961 8
1728602070918 0.6019607843137255 9
1728602729390 0.6215686274509804 10
1728603389348 0.6 11
1728604048568 0.6176470588235294 12
1728604709300 0.6333333333333333 13
1728605368365 0.6372549019607843 14
1728606027832 0.6568627450980392 15
1728606765464 0.6254901960784314 16
1728607435205 0.6450980392156863 17
1728608142121 0.6588235294117647 18
1728608816327 0.6333333333333333 19
1728609466950 0.6215686274509804 20
