1728596699141 1.657707118988037 1
1728597401145 1.4282806158065795 2
1728598043705 1.2867095589637756 3
1728598701664 1.2237296998500824 4
1728599361438 1.2162363529205322 5
1728600024906 1.1497546672821044 6
1728600724553 1.1002536118030548 7
1728601427086 1.1029987335205078 8
1728602070918 1.0960295975208283 9
1728602729390 1.058563196659088 10
1728603389348 1.037326806783676 11
1728604048568 1.018568402528763 12
1728604709300 1.0607700109481812 13
1728605368365 1.0182734310626984 14
1728606027832 0.9843814432621002 15
1728606765464 1.0623736202716827 16
1728607435205 1.0384669721126556 17
1728608142121 1.0414275228977203 18
1728608816327 1.0663279831409453 19
1728609466950 1.1081539750099183 20
