1727987696002 1.682981288433075 1
1727988475205 1.4120991706848145 2
1727989267450 1.3051248908042907 3
1727990057633 1.256703782081604 4
1727990848023 1.1844504535198213 5
1727991635261 1.1395207583904265 6
1727992416364 1.0987090647220612 7
1727993204892 1.0611720740795136 8
1727993995271 1.0460717320442199 9
1727994781024 1.0322392344474793 10
1727995571782 0.9465708076953888 11
1727996362503 0.9233103692531586 12
1727997158497 0.9376333653926849 13
1727997952814 0.908478420972824 14
1727998744504 0.8531467080116272 15
1727999535312 0.8877474963665009 16
1728000330595 0.8980186283588409 17
1728001124789 0.8599725365638733 18
1728001922202 0.8157780945301056 19
1728002718812 0.8558706879615784 20
1728003604669 0.8773433268070221 21
1728004404976 0.8371293008327484 22
1728005199327 0.8077335774898529 23
1728005992577 0.8573071002960205 24
1728006789253 0.8478099972009658 25
1728007586182 0.8632968157529831 26
1728008386354 0.8223784238100051 27
1728009182663 0.7846443951129913 28
1728009984267 0.7856114029884338 29
1728010788279 0.7504984736442566 30
1728011584741 0.8307615131139755 31
1728012379405 0.8556363701820373 32
1728013173843 0.8345585733652114 33
1728014013196 0.8195781767368316 34
1728014798939 0.7856161653995514 35
