1727987696002 0.33137254901960783 1
1727988475205 0.4 2
1727989267450 0.46078431372549017 3
1727990057633 0.5117647058823529 4
1727990848023 0.5490196078431373 5
1727991635261 0.5509803921568628 6
1727992416364 0.5568627450980392 7
1727993204892 0.5980392156862745 8
1727993995271 0.6078431372549019 9
1727994781024 0.6039215686274509 10
1727995571782 0.6294117647058823 11
1727996362503 0.6725490196078432 12
1727997158497 0.6705882352941176 13
1727997952814 0.6450980392156863 14
1727998744504 0.6725490196078432 15
1727999535312 0.6803921568627451 16
1728000330595 0.6568627450980392 17
1728001124789 0.7098039215686275 18
1728001922202 0.7098039215686275 19
1728002718812 0.6901960784313725 20
1728003604669 0.6843137254901961 21
1728004404976 0.6980392156862745 22
1728005199327 0.6980392156862745 23
1728005992577 0.703921568627451 24
1728006789253 0.707843137254902 25
1728007586182 0.7274509803921568 26
1728008386354 0.7254901960784313 27
1728009182663 0.7137254901960784 28
1728009984267 0.7156862745098039 29
1728010788279 0.7196078431372549 30
1728011584741 0.7058823529411765 31
1728012379405 0.7470588235294118 32
1728013173843 0.7352941176470589 33
1728014013196 0.7254901960784313 34
1728014798939 0.7137254901960784 35
