1728306771829 0.3333333333333333 1
1728307413700 0.40980392156862744 2
1728308128686 0.47058823529411764 3
1728308789996 0.5254901960784314 4
1728309710375 0.5431372549019607 5
1728310618296 0.5588235294117647 6
1728311519701 0.5470588235294118 7
1728312428824 0.5882352941176471 8
1728313338413 0.6098039215686275 9
1728314243461 0.6098039215686275 10
1728315146341 0.611764705882353 11
1728316056100 0.6686274509803921 12
1728316956594 0.6549019607843137 13
1728317856321 0.6647058823529411 14
1728318754620 0.6490196078431373 15
1728319645983 0.6803921568627451 16
1728320544906 0.6784313725490196 17
1728321445145 0.7058823529411765 18
1728322341462 0.692156862745098 19
1728323236285 0.6882352941176471 20
1728324209575 0.711764705882353 21
1728325101901 0.6941176470588235 22
1728325995956 0.6980392156862745 23
1728326879113 0.696078431372549 24
1728327766834 0.7294117647058823 25
1728328659764 0.7137254901960784 26
1728329555168 0.7313725490196078 27
1728330262263 0.7215686274509804 28
1728330912621 0.7098039215686275 29
1728331569067 0.7176470588235294 30
1728332218819 0.7215686274509804 31
1728332945841 0.7215686274509804 32
1728333598456 0.7274509803921568 33
1728334251192 0.7215686274509804 34
1728334905158 0.7294117647058823 35
