1728306771829 1.696131956577301 1
1728307413700 1.4276643753051759 2
1728308128686 1.3059605479240417 3
1728308789996 1.2430285215377808 4
1728309710375 1.1836090326309203 5
1728310618296 1.1375788450241089 6
1728311519701 1.1133318424224854 7
1728312428824 1.0841833472251892 8
1728313338413 1.0548316359519958 9
1728314243461 1.0193324983119965 10
1728315146341 0.9504390239715577 11
1728316056100 0.9386030912399292 12
1728316956594 0.9451221585273742 13
1728317856321 0.9072928607463837 14
1728318754620 0.866968435049057 15
1728319645983 0.8669631123542786 16
1728320544906 0.8855710864067078 17
1728321445145 0.8404865860939026 18
1728322341462 0.8044161558151245 19
1728323236285 0.8429751992225647 20
1728324209575 0.837340646982193 21
1728325101901 0.8225454032421112 22
1728325995956 0.7996486842632293 23
1728326879113 0.8190299987792968 24
1728327766834 0.816067123413086 25
1728328659764 0.8442712992429733 26
1728329555168 0.7863632053136825 27
1728330262263 0.7569794654846191 28
1728330912621 0.779857873916626 29
1728331569067 0.7481698095798492 30
1728332218819 0.7795818090438843 31
1728332945841 0.8591442108154297 32
1728333598456 0.8691730618476867 33
1728334251192 0.8020940005779267 34
1728334905158 0.776835897564888 35
