1728252282453 1.7006089568138123 1
1728252929159 1.4032813549041747 2
1728253580373 1.3257524490356445 3
1728254230471 1.238373625278473 4
1728254941058 1.2135855555534363 5
1728255578543 1.2182839632034301 6
1728256230297 1.1692360103130341 7
1728256881358 1.113861471414566 8
1728257533617 1.125088208913803 9
1728258188649 1.0515785694122315 10
1728258844069 1.067128449678421 11
1728259497670 1.017092341184616 12
1728260152303 1.007466048002243 13
1728260807513 1.0085175931453705 14
1728261462263 1.02934787273407 15
1728262118643 0.9680443823337554 16
1728262770719 1.0580230832099915 17
1728263424492 0.9737176954746246 18
1728264138178 0.9555820763111115 19
1728264788717 1.0194254994392395 20
1728265440329 0.9915415465831756 21
1728266092161 0.9979624629020691 22
1728266748045 1.0135572612285615 23
1728267401904 0.9221063792705536 24
1728268054711 1.088569813966751 25
1728268710743 1.0211971044540404 26
1728269366006 1.0403994083404542 27
1728270045450 0.981013810634613 28
1728270717337 0.9635806977748871 29
