1728252282453 0.307843137254902 1
1728252929159 0.40588235294117647 2
1728253580373 0.4843137254901961 3
1728254230471 0.5235294117647059 4
1728254941058 0.515686274509804 5
1728255578543 0.5313725490196078 6
1728256230297 0.5431372549019607 7
1728256881358 0.5843137254901961 8
1728257533617 0.5725490196078431 9
1728258188649 0.596078431372549 10
1728258844069 0.596078431372549 11
1728259497670 0.6274509803921569 12
1728260152303 0.6333333333333333 13
1728260807513 0.6274509803921569 14
1728261462263 0.6137254901960785 15
1728262118643 0.6372549019607843 16
1728262770719 0.6254901960784314 17
1728263424492 0.6529411764705882 18
1728264138178 0.6803921568627451 19
1728264788717 0.6411764705882353 20
1728265440329 0.6529411764705882 21
1728266092161 0.6470588235294118 22
1728266748045 0.6705882352941176 23
1728267401904 0.6862745098039216 24
1728268054711 0.6725490196078432 25
1728268710743 0.6705882352941176 26
1728269366006 0.6803921568627451 27
1728270045450 0.6686274509803921 28
1728270717337 0.6803921568627451 29
