1728787855091 1.727166759967804 1
1728788505578 1.5227477550506592 2
1728789176891 1.3897252082824707 3
1728789819620 1.3306572556495666 4
1728790468052 1.2495360136032105 5
1728791122592 1.2023777425289155 6
1728791823617 1.1685619711875916 7
1728792461366 1.1666236519813538 8
1728793110223 1.1651848435401917 9
1728793758121 1.0891758680343628 10
1728794406160 1.0931192636489868 11
1728795054200 1.0673443973064423 12
1728795701335 1.0471250355243682 13
1728796348183 1.0595585465431214 14
1728796996240 0.954570072889328 15
1728797645141 1.0984756350517273 16
1728798294052 1.0633854925632478 17
1728799010523 1.014917904138565 18
1728799660852 1.0069521963596344 19
1728800310442 1.0106481313705444 20
