1728787855091 0.2235294117647059 1
1728788505578 0.3803921568627451 2
1728789176891 0.4647058823529412 3
1728789819620 0.4568627450980392 4
1728790468052 0.503921568627451 5
1728791122592 0.5568627450980392 6
1728791823617 0.5372549019607843 7
1728792461366 0.5588235294117647 8
1728793110223 0.5647058823529412 9
1728793758121 0.5803921568627451 10
1728794406160 0.5686274509803921 11
1728795054200 0.5803921568627451 12
1728795701335 0.615686274509804 13
1728796348183 0.6313725490196078 14
1728796996240 0.6411764705882353 15
1728797645141 0.6019607843137255 16
1728798294052 0.6372549019607843 17
1728799010523 0.6450980392156863 18
1728799660852 0.6450980392156863 19
1728800310442 0.6137254901960785 20
