1727854394983 1.6813496232032776 1
1727855067579 1.4355401992797852 2
1727855741488 1.3047924160957336 3
1727856414632 1.2506044149398803 4
1727857092635 1.183755224943161 5
1727857773163 1.132040673494339 6
1727858527687 1.0997251749038697 7
1727859277990 1.04885014295578 8
1727859955115 1.0499958753585816 9
1727860663110 1.001585727930069 10
1727861530316 0.9652150094509124 11
1727862405549 0.9051744520664216 12
1727863286169 0.9248236775398254 13
1727864165389 0.9169896245002747 14
1727865045101 0.8486182034015656 15
1727865922205 0.905807363986969 16
1727866802342 0.904375410079956 17
