1727854394983 0.3411764705882353 1
1727855067579 0.3941176470588235 2
1727855741488 0.4666666666666667 3
1727856414632 0.515686274509804 4
1727857092635 0.5431372549019607 5
1727857773163 0.5568627450980392 6
1727858527687 0.5549019607843138 7
1727859277990 0.6 8
1727859955115 0.6058823529411764 9
1727860663110 0.6098039215686275 10
1727861530316 0.6235294117647059 11
1727862405549 0.6666666666666666 12
1727863286169 0.6745098039215687 13
1727864165389 0.6588235294117647 14
1727865045101 0.6862745098039216 15
1727865922205 0.6588235294117647 16
1727866802342 0.6745098039215687 17
