1729072096107 1.6768421053886413 1
1729072736214 1.4473939895629884 2
1729073381292 1.2959044218063354 3
1729074025121 1.2451027870178222 4
1729074667101 1.2022315323352815 5
1729075314347 1.1322633028030396 6
1729075957451 1.0936218917369842 7
1729076600366 1.1023261070251464 8
1729077247857 1.095629620552063 9
1729077894100 1.0551230609416962 10
1729078541291 1.040845912694931 11
1729079189791 1.0299448192119598 12
1729079840401 1.0395668923854828 13
1729080488707 1.0327515602111816 14
1729081225861 0.9509528398513794 15
1729081858488 1.0554799139499664 16
1729082506467 1.030763190984726 17
1729083154026 0.983280462026596 18
1729083801763 1.0331298291683197 19
1729084451300 1.01518257856369 20
