1729072096107 0.3254901960784314 1
1729072736214 0.40588235294117647 2
1729073381292 0.47058823529411764 3
1729074025121 0.5 4
1729074667101 0.5254901960784314 5
1729075314347 0.5705882352941176 6
1729075957451 0.592156862745098 7
1729076600366 0.5862745098039216 8
1729077247857 0.615686274509804 9
1729077894100 0.6058823529411764 10
1729078541291 0.5980392156862745 11
1729079189791 0.615686274509804 12
1729079840401 0.6470588235294118 13
1729080488707 0.6313725490196078 14
1729081225861 0.6509803921568628 15
1729081858488 0.6431372549019608 16
1729082506467 0.6470588235294118 17
1729083154026 0.6784313725490196 18
1729083801763 0.6549019607843137 19
1729084451300 0.6607843137254902 20
