1728976837991 1.6829813122749329 1
1728977463422 1.4162374138832092 2
1728978102927 1.2936696648597716 3
1728978754391 1.2488855361938476 4
1728979401878 1.1829260408878326 5
1728980046363 1.1249509274959564 6
1728980695827 1.0978560984134673 7
1728981345543 1.0466573119163514 8
1728981992689 1.0391688764095306 9
1728982705339 1.0272839546203614 10
1728983361238 0.936735314130783 11
1728984008272 0.9147467076778412 12
1728984656544 0.9218863427639008 13
1728985307913 0.8943556427955628 14
1728985958533 0.8491542518138886 15
1728986604711 0.8758122265338898 16
1728987253734 0.8879180490970612 17
1728987905808 0.8392858445644379 18
1728988604410 0.7968226730823517 19
1728989248920 0.8485617399215698 20
1728989904575 0.8565040409564972 21
1728990561369 0.8334400713443756 22
1728991215960 0.8055715262889862 23
1728991872096 0.8415619909763337 24
