1728976837991 0.33137254901960783 1
1728977463422 0.403921568627451 2
1728978102927 0.47843137254901963 3
1728978754391 0.5117647058823529 4
1728979401878 0.5509803921568628 5
1728980046363 0.5470588235294118 6
1728980695827 0.5588235294117647 7
1728981345543 0.6039215686274509 8
1728981992689 0.6176470588235294 9
1728982705339 0.6078431372549019 10
1728983361238 0.6235294117647059 11
1728984008272 0.6686274509803921 12
1728984656544 0.6627450980392157 13
1728985307913 0.6588235294117647 14
1728985958533 0.6568627450980392 15
1728986604711 0.6784313725490196 16
1728987253734 0.6784313725490196 17
1728987905808 0.703921568627451 18
1728988604410 0.7098039215686275 19
1728989248920 0.692156862745098 20
1728989904575 0.692156862745098 21
1728990561369 0.692156862745098 22
1728991215960 0.6843137254901961 23
1728991872096 0.707843137254902 24
