1727517230341 1.657707118988037 1
1727517878708 1.4276954770088195 2
1727518527169 1.2732154250144958 3
1727519184644 1.2309415817260743 4
1727519834379 1.2232017159461974 5
1727520485259 1.156892716884613 6
1727521138545 1.1061770081520081 7
1727521795169 1.1129073441028594 8
1727522448532 1.0843607306480407 9
1727523105159 1.0478838443756104 10
1727523760581 1.0180468082427978 11
1727524418771 1.002688318490982 12
1727525078015 1.0696295499801636 13
1727525731276 1.0083935916423798 14
1727526389036 0.9889399886131287 15
1727527046700 1.0705817580223083 16
1727527705224 1.0416330754756928 17
1727528364396 1.0317411422729492 18
1727529021273 1.063899827003479 19
1727529679308 1.0672666251659393 20
