1727517230341 0.33137254901960783 1
1727517878708 0.4019607843137255 2
1727518527169 0.49607843137254903 3
1727519184644 0.5235294117647059 4
1727519834379 0.5235294117647059 5
1727520485259 0.5843137254901961 6
1727521138545 0.5705882352941176 7
1727521795169 0.592156862745098 8
1727522448532 0.6176470588235294 9
1727523105159 0.6274509803921569 10
1727523760581 0.6039215686274509 11
1727524418771 0.6176470588235294 12
1727525078015 0.6294117647058823 13
1727525731276 0.6313725490196078 14
1727526389036 0.6333333333333333 15
1727527046700 0.6392156862745098 16
1727527705224 0.6352941176470588 17
1727528364396 0.6588235294117647 18
1727529021273 0.6549019607843137 19
1727529679308 0.6196078431372549 20
