1727460315166 0.3137254901960784 1
1727460968484 0.3803921568627451 2
1727461622092 0.492156862745098 3
1727462275364 0.5078431372549019 4
1727462928441 0.5372549019607843 5
1727463580289 0.5764705882352941 6
1727464233185 0.5372549019607843 7
1727464888818 0.5803921568627451 8
1727465546617 0.5823529411764706 9
1727466198924 0.6078431372549019 10
1727466852166 0.6392156862745098 11
1727467503549 0.6549019607843137 12
1727468159506 0.6666666666666666 13
1727468816530 0.6529411764705882 14
1727469468526 0.6803921568627451 15
1727470121199 0.6666666666666666 16
1727470774286 0.6725490196078432 17
1727471425698 0.6862745098039216 18
1727472080430 0.7098039215686275 19
1727472732409 0.6901960784313725 20
1727473386158 0.6862745098039216 21
1727474141999 0.7019607843137254 22
1727474786130 0.6745098039215687 23
1727475560430 0.7137254901960784 24
1727476216021 0.7019607843137254 25
1727476869230 0.6941176470588235 26
1727477524251 0.7156862745098039 27
1727478178759 0.692156862745098 28
1727478831865 0.7098039215686275 29
1727479484197 0.7137254901960784 30
1727480137560 0.7 31
1727480790839 0.707843137254902 32
1727481446102 0.7254901960784313 33
1727482118138 0.7274509803921568 34
1727482771427 0.7450980392156863 35
