1727460315166 1.7021064400672912 1
1727460968484 1.4430441975593566 2
1727461622092 1.3041053295135498 3
1727462275364 1.271970236301422 4
1727462928441 1.209396868944168 5
1727463580289 1.1424281358718873 6
1727464233185 1.1160797834396363 7
1727464888818 1.0857136368751525 8
1727465546617 1.0837737143039703 9
1727466198924 1.0209859669208527 10
1727466852166 0.9636922657489777 11
1727467503549 0.9267194390296936 12
1727468159506 0.9390485167503357 13
1727468816530 0.9368418753147125 14
1727469468526 0.8521529018878937 15
1727470121199 0.8796477913856506 16
1727470774286 0.9152223110198975 17
1727471425698 0.8618796646595002 18
1727472080430 0.8381743192672729 19
1727472732409 0.8271009206771851 20
1727473386158 0.8503489673137665 21
1727474141999 0.8279682993888855 22
1727474786130 0.8065745294094085 23
1727475560430 0.8175998985767364 24
1727476216021 0.8392795890569686 25
1727476869230 0.8496299088001251 26
1727477524251 0.8074887335300446 27
1727478178759 0.8037159740924835 28
1727478831865 0.790313321352005 29
1727479484197 0.7382676661014557 30
1727480137560 0.7934016346931457 31
1727480790839 0.8351868271827698 32
1727481446102 0.8219713509082794 33
1727482118138 0.8495565235614777 34
1727482771427 0.7750148117542267 35
