1728455541923 0.3137254901960784 1
1728456195910 0.3784313725490196 2
1728456848478 0.4823529411764706 3
1728457559650 0.5215686274509804 4
1728458201670 0.5745098039215686 5
1728458852342 0.5725490196078431 6
1728459504959 0.5588235294117647 7
1728460158446 0.5882352941176471 8
1728460875257 0.6 9
1728461525360 0.6196078431372549 10
1728462177248 0.6254901960784314 11
1728462830462 0.6627450980392157 12
1728463482195 0.6725490196078432 13
1728464135293 0.6549019607843137 14
1728464790308 0.6745098039215687 15
1728465449215 0.6823529411764706 16
1728466112629 0.6803921568627451 17
1728466780600 0.6941176470588235 18
1728467444665 0.703921568627451 19
1728468112047 0.6980392156862745 20
1728468776464 0.7019607843137254 21
1728469443784 0.6823529411764706 22
1728470185632 0.6901960784313725 23
1728470829145 0.707843137254902 24
1728471493628 0.7156862745098039 25
1728472163608 0.7098039215686275 26
1728472832917 0.7156862745098039 27
1728473505911 0.7235294117647059 28
