1728455541923 1.686924433708191 1
1728456195910 1.4301103830337525 2
1728456848478 1.2862388134002685 3
1728457559650 1.2447930097579956 4
1728458201670 1.1690292000770568 5
1728458852342 1.1055741012096405 6
1728459504959 1.071909922361374 7
1728460158446 1.0448094248771667 8
1728460875257 1.0370353877544403 9
1728461525360 0.992606234550476 10
1728462177248 0.9451948225498199 11
1728462830462 0.9039442300796509 12
1728463482195 0.9245796978473664 13
1728464135293 0.9144846379756928 14
1728464790308 0.8542861998081207 15
1728465449215 0.8942784905433655 16
1728466112629 0.8822373569011688 17
1728466780600 0.8513188838958741 18
1728467444665 0.8437826216220856 19
1728468112047 0.8338822484016418 20
1728468776464 0.8644427478313446 21
1728469443784 0.8364721477031708 22
1728470185632 0.8073665082454682 23
1728470829145 0.8414158165454865 24
1728471493628 0.8550307184457779 25
1728472163608 0.8797370672225953 26
1728472832917 0.836470651626587 27
1728473505911 0.8418022513389587 28
