1727593764404 1.6813496470451355 1
1727594468330 1.432934331893921 2
1727595108469 1.2956970810890198 3
1727595748216 1.2492748618125915 4
1727596423485 1.1858635365962982 5
1727597052771 1.1448868215084076 6
1727597693320 1.0917690753936768 7
1727598333909 1.0464453279972077 8
1727598974329 1.0513328671455384 9
1727599611144 1.0145393431186676 10
1727600304163 0.9629376173019409 11
1727600935737 0.9145591378211975 12
1727601572360 0.9321267366409302 13
1727602213094 0.9209240674972534 14
1727602858188 0.8557821452617645 15
1727603562150 0.8888018786907196 16
1727604196570 0.9058036863803863 17
1727604832385 0.8654537260532379 18
1727605468399 0.8516785860061645 19
1727606105652 0.8521753787994385 20
1727606743137 0.908667266368866 21
1727607384316 0.8538436532020569 22
1727608029317 0.8429691255092621 23
1727608674638 0.837926721572876 24
1727609321639 0.8623596757650376 25
1727609967449 0.8765390753746033 26
1727610608797 0.8408281981945038 27
1727611248899 0.8561770796775818 28
1727611889270 0.7979081690311431 29
1727612528189 0.7701767206192016 30
1727613168284 0.818400290608406 31
1727613809226 0.9235870480537415 32
1727614453888 0.8257504999637604 33
1727615093056 0.8493865191936493 34
1727615734965 0.8166054934263229 35
