1727593764404 0.3411764705882353 1
1727594468330 0.3941176470588235 2
1727595108469 0.46862745098039216 3
1727595748216 0.5137254901960784 4
1727596423485 0.5607843137254902 5
1727597052771 0.5509803921568628 6
1727597693320 0.5529411764705883 7
1727598333909 0.6019607843137255 8
1727598974329 0.6137254901960785 9
1727599611144 0.6058823529411764 10
1727600304163 0.6294117647058823 11
1727600935737 0.6588235294117647 12
1727601572360 0.6666666666666666 13
1727602213094 0.6627450980392157 14
1727602858188 0.6901960784313725 15
1727603562150 0.6607843137254902 16
1727604196570 0.6647058823529411 17
1727604832385 0.6862745098039216 18
1727605468399 0.707843137254902 19
1727606105652 0.6882352941176471 20
1727606743137 0.6627450980392157 21
1727607384316 0.692156862745098 22
1727608029317 0.6823529411764706 23
1727608674638 0.6862745098039216 24
1727609321639 0.7019607843137254 25
1727609967449 0.6882352941176471 26
1727610608797 0.7235294117647059 27
1727611248899 0.711764705882353 28
1727611889270 0.6980392156862745 29
1727612528189 0.6882352941176471 30
1727613168284 0.7196078431372549 31
1727613809226 0.7254901960784313 32
1727614453888 0.7176470588235294 33
1727615093056 0.7215686274509804 34
1727615734965 0.692156862745098 35
