1728610147236 1.682460904121399 1
1728610804420 1.4474327325820924 2
1728611464716 1.2965307116508484 3
1728612121309 1.2419360637664796 4
1728612779571 1.1945660412311554 5
1728613439426 1.1441541075706483 6
1728614099857 1.1233115136623382 7
1728614758792 1.153711599111557 8
1728615419610 1.1336377143859864 9
1728616317708 1.0816446542739868 10
1728617080797 1.0856189489364625 11
1728617727491 1.0344922363758087 12
1728618427282 1.0766583323478698 13
1728619148134 1.0384823501110076 14
1728619929455 1.0028530180454254 15
1728620561109 1.0815485954284667 16
1728621203627 1.030051553249359 17
1728621852268 1.0108916342258454 18
1728622582390 1.071005368232727 19
1728623232444 1.0063421845436096 20
