1728610147236 0.3431372549019608 1
1728610804420 0.40980392156862744 2
1728611464716 0.503921568627451 3
1728612121309 0.503921568627451 4
1728612779571 0.5235294117647059 5
1728613439426 0.5901960784313726 6
1728614099857 0.5450980392156862 7
1728614758792 0.5823529411764706 8
1728615419610 0.5862745098039216 9
1728616317708 0.6196078431372549 10
1728617080797 0.5784313725490197 11
1728617727491 0.6098039215686275 12
1728618427282 0.6313725490196078 13
1728619148134 0.6058823529411764 14
1728619929455 0.6294117647058823 15
1728620561109 0.6274509803921569 16
1728621203627 0.6411764705882353 17
1728621852268 0.6549019607843137 18
1728622582390 0.6294117647058823 19
1728623232444 0.6254901960784314 20
