1728423125684 0.3352941176470588 1
1728423777641 0.3862745098039216 2
1728424430386 0.4745098039215686 3
1728425145088 0.5117647058823529 4
1728425798305 0.5411764705882353 5
1728426455535 0.5764705882352941 6
1728427109656 0.5666666666666667 7
1728427764601 0.5764705882352941 8
1728428479480 0.6039215686274509 9
1728429116951 0.6137254901960785 10
1728429866427 0.5843137254901961 11
1728430520558 0.6137254901960785 12
1728431168371 0.6274509803921569 13
1728431829833 0.6352941176470588 14
1728432491774 0.6568627450980392 15
1728433147784 0.6509803921568628 16
1728433806143 0.6431372549019608 17
1728434488941 0.6607843137254902 18
1728435140658 0.6549019607843137 19
1728435797804 0.6568627450980392 20
