1728423125684 1.675428831577301 1
1728423777641 1.437274658679962 2
1728424430386 1.302634346485138 3
1728425145088 1.2395796656608582 4
1728425798305 1.2045658230781555 5
1728426455535 1.1638448059558868 6
1728427109656 1.1281737864017487 7
1728427764601 1.1288995921611786 8
1728428479480 1.1024275183677674 9
1728429116951 1.0801087856292724 10
1728429866427 1.0629825234413146 11
1728430520558 1.0203084886074065 12
1728431168371 1.0672809898853302 13
1728431829833 1.0097682654857636 14
1728432491774 1.003408181667328 15
1728433147784 1.075251853466034 16
1728433806143 1.0844654381275176 17
1728434488941 1.0415857255458831 18
1728435140658 1.0252720355987548 19
1728435797804 1.0315074980258943 20
