1727727263673 0.3196078431372549 1
1727727912639 0.3686274509803922 2
1727728560510 0.46078431372549017 3
1727729209040 0.5058823529411764 4
1727729857700 0.5431372549019607 5
1727730508470 0.5647058823529412 6
1727731158246 0.5470588235294118 7
1727731879623 0.5764705882352941 8
1727732554525 0.5882352941176471 9
1727733204041 0.6019607843137255 10
1727733851532 0.6294117647058823 11
1727734498790 0.6705882352941176 12
1727735148408 0.6568627450980392 13
1727735799133 0.6490196078431373 14
1727736450294 0.6803921568627451 15
1727737098932 0.6666666666666666 16
1727737748895 0.6843137254901961 17
1727738402173 0.703921568627451 18
1727739054443 0.7156862745098039 19
1727739701829 0.6941176470588235 20
1727740351959 0.6901960784313725 21
1727741000361 0.6882352941176471 22
1727741717971 0.6745098039215687 23
1727742385423 0.696078431372549 24
