1727727263673 1.697823417186737 1
1727727912639 1.4613919138908387 2
1727728560510 1.3259021282196044 3
1727729209040 1.2801594257354736 4
1727729857700 1.208376395702362 5
1727730508470 1.146216493844986 6
1727731158246 1.099903666973114 7
1727731879623 1.0777703762054442 8
1727732554525 1.0720999360084533 9
1727733204041 1.031690776348114 10
1727733851532 0.976480221748352 11
1727734498790 0.9253400385379791 12
1727735148408 0.9445662140846253 13
1727735799133 0.9271054029464721 14
1727736450294 0.8482887208461761 15
1727737098932 0.8872071802616119 16
1727737748895 0.9117981672286988 17
1727738402173 0.8532284140586853 18
1727739054443 0.7937851667404174 19
1727739701829 0.837697321176529 20
1727740351959 0.8500938594341279 21
1727741000361 0.8198191404342652 22
1727741717971 0.8166247248649597 23
1727742385423 0.8323706746101379 24
