1728816563181 1.7021064639091492 1
1728817211706 1.441529893875122 2
1728817861215 1.3009885668754577 3
1728818512467 1.2701290369033813 4
1728819163826 1.2045738339424132 5
1728819814286 1.1452588140964508 6
1728820461520 1.1175893306732179 7
1728821111502 1.077264940738678 8
1728821761571 1.0892818927764893 9
1728822411459 1.0306309819221497 10
1728823065155 0.9582631647586822 11
1728823715375 0.9276925086975097 12
1728824366039 0.9274447500705719 13
1728825018358 0.9295443713665008 14
1728825739381 0.8632422149181366 15
1728826571579 0.8794618844985962 16
1728827395890 0.9054780423641204 17
1728828229503 0.863428270816803 18
1728829055377 0.8257292032241821 19
1728829880307 0.8353767693042755 20
1728830705234 0.844251811504364 21
1728831530912 0.8413920164108276 22
1728832364493 0.8272800326347352 23
1728833196320 0.8342860341072083 24
