1728816563181 0.3137254901960784 1
1728817211706 0.3862745098039216 2
1728817861215 0.48627450980392156 3
1728818512467 0.5098039215686274 4
1728819163826 0.5431372549019607 5
1728819814286 0.5647058823529412 6
1728820461520 0.5411764705882353 7
1728821111502 0.592156862745098 8
1728821761571 0.5725490196078431 9
1728822411459 0.596078431372549 10
1728823065155 0.6333333333333333 11
1728823715375 0.6470588235294118 12
1728824366039 0.6764705882352942 13
1728825018358 0.6490196078431373 14
1728825739381 0.6686274509803921 15
1728826571579 0.6686274509803921 16
1728827395890 0.6705882352941176 17
1728828229503 0.692156862745098 18
1728829055377 0.703921568627451 19
1728829880307 0.6823529411764706 20
1728830705234 0.6882352941176471 21
1728831530912 0.6862745098039216 22
1728832364493 0.6803921568627451 23
1728833196320 0.707843137254902 24
