1728236645591 1.6729086756706237 1
1728237294382 1.3972596645355224 2
1728237944993 1.3214619874954223 3
1728238593809 1.27550448179245 4
1728239243537 1.2475924968719483 5
1728239895060 1.2023449301719666 6
1728240546091 1.1647583842277527 7
1728241198804 1.1325381219387054 8
1728241853560 1.120398497581482 9
1728242501837 1.108824461698532 10
1728243151193 1.05214621424675 11
1728243800282 1.0473326563835144 12
1728244448189 1.0253345489501953 13
1728245096883 1.0642435014247895 14
1728245745291 0.9847635567188263 15
1728246396114 0.9830489873886108 16
1728247046756 1.061076033115387 17
1728247696459 1.0285475611686707 18
1728248346585 0.9595293045043946 19
1728248996302 1.0137573182582855 20
1728249647716 1.0654399931430816 21
1728250296802 0.9753551244735718 22
1728250952812 0.9986542642116547 23
1728251600534 1.011021763086319 24
