1728236645591 0.34509803921568627 1
1728237294382 0.40980392156862744 2
1728237944993 0.47058823529411764 3
1728238593809 0.4980392156862745 4
1728239243537 0.5058823529411764 5
1728239895060 0.5568627450980392 6
1728240546091 0.5509803921568628 7
1728241198804 0.5784313725490197 8
1728241853560 0.5764705882352941 9
1728242501837 0.5843137254901961 10
1728243151193 0.5941176470588235 11
1728243800282 0.6039215686274509 12
1728244448189 0.6392156862745098 13
1728245096883 0.6098039215686275 14
1728245745291 0.6058823529411764 15
1728246396114 0.6490196078431373 16
1728247046756 0.6176470588235294 17
1728247696459 0.6333333333333333 18
1728248346585 0.6647058823529411 19
1728248996302 0.6450980392156863 20
1728249647716 0.6568627450980392 21
1728250296802 0.6509803921568628 22
1728250952812 0.6764705882352942 23
1728251600534 0.6588235294117647 24
