1729122093810 0.3137254901960784 1
1729122742571 0.3803921568627451 2
1729123395112 0.48627450980392156 3
1729124056539 0.5313725490196078 4
1729124705462 0.5725490196078431 5
1729125358468 0.5647058823529412 6
1729126013831 0.5666666666666667 7
1729126668861 0.5882352941176471 8
1729127324400 0.6176470588235294 9
1729127975688 0.6294117647058823 10
1729128625486 0.6215686274509804 11
1729129278831 0.6784313725490196 12
1729129931787 0.6725490196078432 13
1729130585244 0.6549019607843137 14
1729131251867 0.6725490196078432 15
1729131904157 0.6901960784313725 16
1729132557135 0.6764705882352942 17
1729133211873 0.7019607843137254 18
1729133943517 0.707843137254902 19
1729134636541 0.6980392156862745 20
1729135288761 0.6941176470588235 21
1729136343143 0.6764705882352942 22
1729137265658 0.692156862745098 23
1729138010525 0.707843137254902 24
1729138616565 0.7098039215686275 25
1729139264942 0.7058823529411765 26
1729139923324 0.711764705882353 27
1729140583714 0.7156862745098039 28
