1729122093810 1.686924397945404 1
1729122742571 1.4367698669433593 2
1729123395112 1.2971471548080444 3
1729124056539 1.2349550247192382 4
1729124705462 1.1627604603767394 5
1729125358468 1.1137924134731292 6
1729126013831 1.0702540278434753 7
1729126668861 1.055861485004425 8
1729127324400 1.0454231798648834 9
1729127975688 0.9876837968826294 10
1729128625486 0.943152517080307 11
1729129278831 0.8968633592128754 12
1729129931787 0.9223490834236145 13
1729130585244 0.9187827467918396 14
1729131251867 0.8752416908740998 15
1729131904157 0.8923891544342041 16
1729132557135 0.8872422993183136 17
1729133211873 0.8529542803764343 18
1729133943517 0.8364855885505676 19
1729134636541 0.836647891998291 20
1729135288761 0.8664219081401825 21
1729136343143 0.8372758984565735 22
1729137265658 0.7916476011276246 23
1729138010525 0.8297946095466614 24
1729138616565 0.867894834280014 25
1729139264942 0.8806751906871796 26
1729139923324 0.8316843062639236 27
1729140583714 0.8233733415603638 28
