1728763244204 1.7296817183494568 1
1728763886202 1.4895942568778993 2
1728764528630 1.3521140217781067 3
1728765171274 1.320090126991272 4
1728765807960 1.2437698006629945 5
1728766449414 1.2046692848205567 6
1728767090760 1.174517273902893 7
1728767729356 1.1594874501228332 8
1728768422552 1.1616474509239196 9
1728769053251 1.0853078365325928 10
1728769697490 1.104779803752899 11
1728770507908 1.0611760199069977 12
1728771303188 1.0352421700954437 13
1728772098255 1.0928906321525573 14
1728772892039 0.9854016005992889 15
1728773691379 1.070295548439026 16
1728774491651 1.1070747792720794 17
1728775304405 1.0349478602409363 18
1728776099501 0.9765432417392731 19
1728776693722 0.9737846374511718 20
1728777332691 0.9500309348106384 21
1728777991734 1.0580226838588715 22
1728778636338 0.9948355317115783 23
1728779365396 1.1002103209495544 24
1728780017195 0.9996178805828094 25
1728780667193 0.9236154854297638 26
1728781317278 0.9795413374900818 27
1728781968296 0.9925138413906097 28
1728782619642 0.9517660915851593 29
1728783269892 0.9225004076957702 30
1728783919845 0.8939372539520264 31
1728784569658 1.016186809539795 32
1728785221443 0.9895490169525146 33
1728785871421 1.1182529866695403 34
1728786522779 0.9506250560283661 35
1728787185314 0.9185365378856659 36
