1728763244204 0.23137254901960785 1
1728763886202 0.38235294117647056 2
1728764528630 0.4803921568627451 3
1728765171274 0.4647058823529412 4
1728765807960 0.4980392156862745 5
1728766449414 0.5686274509803921 6
1728767090760 0.5274509803921569 7
1728767729356 0.5509803921568628 8
1728768422552 0.5549019607843138 9
1728769053251 0.5764705882352941 10
1728769697490 0.5627450980392157 11
1728770507908 0.6 12
1728771303188 0.6294117647058823 13
1728772098255 0.6137254901960785 14
1728772892039 0.6372549019607843 15
1728773691379 0.6176470588235294 16
1728774491651 0.6196078431372549 17
1728775304405 0.6294117647058823 18
1728776099501 0.6294117647058823 19
1728776693722 0.6215686274509804 20
1728777332691 0.6254901960784314 21
1728777991734 0.6254901960784314 22
1728778636338 0.6686274509803921 23
1728779365396 0.6274509803921569 24
1728780017195 0.6411764705882353 25
1728780667193 0.6666666666666666 26
1728781317278 0.6803921568627451 27
1728781968296 0.6509803921568628 28
1728782619642 0.6803921568627451 29
1728783269892 0.6568627450980392 30
1728783919845 0.6745098039215687 31
1728784569658 0.6901960784313725 32
1728785221443 0.6784313725490196 33
1728785871421 0.6627450980392157 34
1728786522779 0.6823529411764706 35
1728787185314 0.6784313725490196 36
