1728665177182 1.676204550266266 1
1728666024331 1.4316842317581178 2
1728666873829 1.2961059093475342 3
1728667726754 1.24701486825943 4
1728668583409 1.1785950660705566 5
1728669440031 1.1171542763710023 6
1728670299257 1.0856478810310364 7
1728671154090 1.062953096628189 8
1728672010966 1.0594931542873383 9
1728672868871 1.015287494659424 10
1728673725229 0.9305228114128112 11
1728674577030 0.9089198589324952 12
1728675435420 0.9009115099906921 13
1728676289375 0.9178810358047486 14
1728677137836 0.8561126828193665 15
1728677989943 0.871879380941391 16
1728678841768 0.8753912627696991 17
1728679686306 0.8720093965530396 18
1728680538549 0.8293816208839416 19
1728681389097 0.8225062966346741 20
1728682235041 0.8631772100925446 21
1728683077835 0.8392520546913147 22
1728683919610 0.7784685045480728 23
1728684762487 0.8155160009860992 24
1728685609699 0.8254636377096176 25
1728686456603 0.8379741609096527 26
1728687308721 0.8258122801780701 27
1728688159375 0.8228899657726287 28
