1728665177182 0.3431372549019608 1
1728666024331 0.3843137254901961 2
1728666873829 0.47843137254901963 3
1728667726754 0.5078431372549019 4
1728668583409 0.5568627450980392 5
1728669440031 0.5784313725490197 6
1728670299257 0.5686274509803921 7
1728671154090 0.5843137254901961 8
1728672010966 0.596078431372549 9
1728672868871 0.6215686274509804 10
1728673725229 0.6235294117647059 11
1728674577030 0.6823529411764706 12
1728675435420 0.6784313725490196 13
1728676289375 0.6392156862745098 14
1728677137836 0.6627450980392157 15
1728677989943 0.6764705882352942 16
1728678841768 0.6725490196078432 17
1728679686306 0.6941176470588235 18
1728680538549 0.7254901960784313 19
1728681389097 0.6862745098039216 20
1728682235041 0.696078431372549 21
1728683077835 0.7 22
1728683919610 0.6980392156862745 23
1728684762487 0.7254901960784313 24
1728685609699 0.7215686274509804 25
1728686456603 0.7098039215686275 26
1728687308721 0.7274509803921568 27
1728688159375 0.7176470588235294 28
