1728750417626 1.7365088224411012 1
1728751057022 1.4782621145248414 2
1728751700366 1.336718201637268 3
1728752339277 1.2841010093688965 4
1728752978696 1.240048998594284 5
1728753618542 1.1780353963375092 6
1728754258859 1.1316930055618286 7
1728754897758 1.1312353551387786 8
1728755539180 1.1423979580402375 9
1728756181271 1.059806329011917 10
1728756823558 1.071202164888382 11
1728757464909 1.003955852985382 12
1728758109184 1.0109469294548035 13
1728758747808 1.0696474254131316 14
1728759387562 0.9712941884994507 15
1728760027714 1.0498501896858214 16
1728760667587 1.0463819801807404 17
1728761306026 0.9805009961128235 18
1728761943874 0.9951012313365937 19
1728762583194 0.9948481857776642 20
