1728750417626 0.23529411764705882 1
1728751057022 0.3784313725490196 2
1728751700366 0.49607843137254903 3
1728752339277 0.4803921568627451 4
1728752978696 0.503921568627451 5
1728753618542 0.5450980392156862 6
1728754258859 0.5450980392156862 7
1728754897758 0.5686274509803921 8
1728755539180 0.5627450980392157 9
1728756181271 0.6039215686274509 10
1728756823558 0.5784313725490197 11
1728757464909 0.6333333333333333 12
1728758109184 0.6235294117647059 13
1728758747808 0.615686274509804 14
1728759387562 0.6411764705882353 15
1728760027714 0.6215686274509804 16
1728760667587 0.6333333333333333 17
1728761306026 0.6627450980392157 18
1728761943874 0.6450980392156863 19
1728762583194 0.6392156862745098 20
