1727347257803 1.7361303329467774 1
1727347911988 1.6713335275650025 2
1727348569524 1.5123285412788392 3
1727349228291 1.464832842350006 4
1727349887119 1.6230433225631713 5
1727350604284 1.5579236030578614 6
1727351244780 1.6693050026893617 7
1727351900505 1.9169098258018493 8
1727352557281 1.7460874795913697 9
1727353213362 1.9075034976005554 10
1727353869148 1.867402231693268 11
1727354536925 2.1092075943946837 12
1727355191528 1.951978862285614 13
1727355849483 2.4038542032241823 14
1727356508992 1.8818358063697815 15
1727357170619 2.5018982887268066 16
1727357829681 2.4546380996704102 17
1727358488139 2.0554777145385743 18
