1727347257803 0.21176470588235294 1
1727347911988 0.3254901960784314 2
1727348569524 0.42745098039215684 3
1727349228291 0.4294117647058823 4
1727349887119 0.41568627450980394 5
1727350604284 0.4666666666666667 6
1727351244780 0.43529411764705883 7
1727351900505 0.47843137254901963 8
1727352557281 0.4803921568627451 9
1727353213362 0.4627450980392157 10
1727353869148 0.4843137254901961 11
1727354536925 0.4647058823529412 12
1727355191528 0.4823529411764706 13
1727355849483 0.44509803921568625 14
1727356508992 0.5274509803921569 15
1727357170619 0.46078431372549017 16
1727357829681 0.4549019607843137 17
1727358488139 0.47843137254901963 18
