1728163324212 1.6737461805343627 1
1728163989484 1.4392104625701905 2
1728164651336 1.2992581009864808 3
1728165316203 1.2417509317398072 4
1728165980528 1.1663561105728149 5
1728166685284 1.0979534029960631 6
1728167337357 1.0748091459274292 7
1728168071891 1.0460092961788177 8
1728168736423 1.0256004869937896 9
1728169403395 0.9869547545909881 10
1728170091110 0.9510819733142852 11
1728170752993 0.9037759482860566 12
1728171422706 0.946688997745514 13
1728172093010 0.9117038190364838 14
1728172758037 0.8725657165050507 15
1728173421523 0.8824399054050446 16
1728174088435 0.9005589008331298 17
1728174752544 0.8754948139190674 18
1728175417467 0.8481937348842621 19
1728176082768 0.8661914110183716 20
1728176745768 0.8659049868583679 21
1728177412560 0.8317591726779938 22
1728178079392 0.8277764201164246 23
1728178744759 0.8429005801677704 24
1728179441704 0.8669720977544785 25
1728180100686 0.859249421954155 26
1728180762308 0.8371699333190918 27
1728181429862 0.8186795532703399 28
1728182092403 0.7835437774658203 29
1728182756509 0.7966983199119568 30
1728183422555 0.8421497881412506 31
1728184089793 0.8659143567085266 32
1728184772725 0.8334208607673645 33
1728185437341 0.8350119531154633 34
