1728163324212 0.33725490196078434 1
1728163989484 0.3862745098039216 2
1728164651336 0.4588235294117647 3
1728165316203 0.5098039215686274 4
1728165980528 0.5431372549019607 5
1728166685284 0.5588235294117647 6
1728167337357 0.5529411764705883 7
1728168071891 0.592156862745098 8
1728168736423 0.6078431372549019 9
1728169403395 0.6215686274509804 10
1728170091110 0.6078431372549019 11
1728170752993 0.6725490196078432 12
1728171422706 0.6509803921568628 13
1728172093010 0.6509803921568628 14
1728172758037 0.6784313725490196 15
1728173421523 0.6803921568627451 16
1728174088435 0.6725490196078432 17
1728174752544 0.7 18
1728175417467 0.703921568627451 19
1728176082768 0.6784313725490196 20
1728176745768 0.696078431372549 21
1728177412560 0.6843137254901961 22
1728178079392 0.6823529411764706 23
1728178744759 0.7098039215686275 24
1728179441704 0.7058823529411765 25
1728180100686 0.7 26
1728180762308 0.7196078431372549 27
1728181429862 0.703921568627451 28
1728182092403 0.7058823529411765 29
1728182756509 0.6862745098039216 30
1728183422555 0.6823529411764706 31
1728184089793 0.7215686274509804 32
1728184772725 0.7137254901960784 33
1728185437341 0.7156862745098039 34
