1728800970946 0.3392156862745098 1
1728801617410 0.396078431372549 2
1728802264308 0.46862745098039216 3
1728802910279 0.515686274509804 4
1728803558193 0.5607843137254902 5
1728804206190 0.5725490196078431 6
1728804852688 0.5392156862745098 7
1728805499390 0.5823529411764706 8
1728806148666 0.5803921568627451 9
1728806793774 0.6 10
1728807438930 0.6294117647058823 11
1728808083815 0.6607843137254902 12
1728808730774 0.6450980392156863 13
1728809377642 0.6470588235294118 14
1728810028339 0.6745098039215687 15
1728810679265 0.6647058823529411 16
1728811328156 0.6705882352941176 17
1728811979801 0.6980392156862745 18
1728812631710 0.6941176470588235 19
1728813285991 0.6764705882352942 20
1728813938931 0.6862745098039216 21
1728814588402 0.6901960784313725 22
1728815246308 0.6862745098039216 23
1728815895156 0.707843137254902 24
