1728800970946 1.698098886013031 1
1728801617410 1.4425665259361267 2
1728802264308 1.3052930116653443 3
1728802910279 1.265084409713745 4
1728803558193 1.1859919667243957 5
1728804206190 1.1452152132987976 6
1728804852688 1.094098299741745 7
1728805499390 1.078285425901413 8
1728806148666 1.0947987377643584 9
1728806793774 1.0218553245067596 10
1728807438930 0.9520855784416199 11
1728808083815 0.9230757474899292 12
1728808730774 0.9291786849498749 13
1728809377642 0.9229667127132416 14
1728810028339 0.8707160532474518 15
1728810679265 0.8709113538265228 16
1728811328156 0.9213597714900971 17
1728811979801 0.8503549516201019 18
1728812631710 0.8252127468585968 19
1728813285991 0.8599406182765961 20
1728813938931 0.8595108568668366 21
1728814588402 0.8398124694824218 22
1728815246308 0.8282037258148194 23
1728815895156 0.8277401089668274 24
