1727704485129 1.7021064519882203 1
1727705134997 1.4420275926589965 2
1727705782397 1.3151165962219238 3
1727706432067 1.2937185049057007 4
1727707081063 1.2021989345550537 5
1727707729170 1.1453292846679688 6
1727708379121 1.1144811034202575 7
1727709028134 1.0890380978584289 8
1727709679001 1.0746180713176727 9
1727710333600 1.024599415063858 10
1727710985663 0.9661904573440552 11
1727711635966 0.9393897891044617 12
1727712288614 0.9326650023460388 13
1727712937487 0.9312708377838135 14
1727713588837 0.8535852491855621 15
1727714239067 0.8793212711811066 16
1727714891428 0.9234889328479767 17
1727715542009 0.8572763085365296 18
1727716191937 0.8255901157855987 19
1727716842287 0.8463152587413788 20
1727717492261 0.8520045936107635 21
1727718142167 0.8515822887420654 22
1727718791085 0.8181752622127533 23
1727719438923 0.831828486919403 24
1727720086870 0.8294903576374054 25
1727720735438 0.8441146075725555 26
1727721385901 0.8140468537807465 27
1727722036601 0.8023710727691651 28
1727722685520 0.785394936800003 29
1727723334747 0.7477071702480316 30
1727723982173 0.7940510094165802 31
1727724631869 0.8299795657396316 32
1727725282749 0.8599982738494873 33
1727725932551 0.8441077053546906 34
1727726583362 0.7994363963603973 35
