1727704485129 0.3137254901960784 1
1727705134997 0.3784313725490196 2
1727705782397 0.46078431372549017 3
1727706432067 0.49019607843137253 4
1727707081063 0.5450980392156862 5
1727707729170 0.5725490196078431 6
1727708379121 0.5509803921568628 7
1727709028134 0.5705882352941176 8
1727709679001 0.5980392156862745 9
1727710333600 0.6098039215686275 10
1727710985663 0.6235294117647059 11
1727711635966 0.6450980392156863 12
1727712288614 0.6666666666666666 13
1727712937487 0.6588235294117647 14
1727713588837 0.6764705882352942 15
1727714239067 0.6745098039215687 16
1727714891428 0.6705882352941176 17
1727715542009 0.6980392156862745 18
1727716191937 0.711764705882353 19
1727716842287 0.6784313725490196 20
1727717492261 0.6843137254901961 21
1727718142167 0.6764705882352942 22
1727718791085 0.6823529411764706 23
1727719438923 0.696078431372549 24
1727720086870 0.7058823529411765 25
1727720735438 0.7019607843137254 26
1727721385901 0.7137254901960784 27
1727722036601 0.7098039215686275 28
1727722685520 0.7156862745098039 29
1727723334747 0.6980392156862745 30
1727723982173 0.703921568627451 31
1727724631869 0.7235294117647059 32
1727725282749 0.7196078431372549 33
1727725932551 0.7254901960784313 34
1727726583362 0.7235294117647059 35
