1728015624164 1.696131980419159 1
1728016419641 1.420736312866211 2
1728017216386 1.30665842294693 3
1728018013175 1.2480746746063232 4
1728018811448 1.1831639230251312 5
1728019609042 1.136009693145752 6
1728020411675 1.1125034928321837 7
1728021214803 1.0845900297164917 8
1728022018855 1.0531303226947784 9
1728022824598 1.0141048550605773 10
1728023628839 0.9440556645393372 11
1728024428030 0.9331869542598724 12
1728025232325 0.9359101295471192 13
1728026031361 0.8963960468769073 14
1728026834168 0.8684053719043732 15
1728027631884 0.8673690617084503 16
1728028424150 0.8941179811954498 17
1728029221586 0.8504275918006897 18
1728030012801 0.7974344491958618 19
1728030791548 0.8668678998947144 20
1728031565599 0.8583875179290772 21
1728032337584 0.8332968473434448 22
1728033111449 0.8133717775344849 23
1728033888549 0.8252798974514007 24
