1728015624164 0.3333333333333333 1
1728016419641 0.4137254901960784 2
1728017216386 0.46078431372549017 3
1728018013175 0.5176470588235295 4
1728018811448 0.5509803921568628 5
1728019609042 0.5568627450980392 6
1728020411675 0.5431372549019607 7
1728021214803 0.5901960784313726 8
1728022018855 0.611764705882353 9
1728022824598 0.5980392156862745 10
1728023628839 0.6254901960784314 11
1728024428030 0.6568627450980392 12
1728025232325 0.6588235294117647 13
1728026031361 0.6607843137254902 14
1728026834168 0.6588235294117647 15
1728027631884 0.6784313725490196 16
1728028424150 0.6666666666666666 17
1728029221586 0.703921568627451 18
1728030012801 0.6882352941176471 19
1728030791548 0.6862745098039216 20
1728031565599 0.6862745098039216 21
1728032337584 0.6784313725490196 22
1728033111449 0.7 23
1728033888549 0.7058823529411765 24
