1728637004805 1.6717707633972168 1
1728637655358 1.4418762803077698 2
1728638309982 1.3022368550300598 3
1728638967582 1.2524540543556213 4
1728639624139 1.1822140038013458 5
1728640279714 1.1191913485527039 6
1728640935127 1.0824749886989593 7
1728641593619 1.0534313142299652 8
1728642250375 1.0523214519023896 9
1728642907343 0.9903302192687988 10
1728643578394 0.9364057123661041 11
1728644446155 0.8982232868671417 12
1728645315614 0.9257015228271485 13
1728646180768 0.9034113109111785 14
1728647051279 0.837749433517456 15
1728647915468 0.8769060492515564 16
1728648777722 0.8944772809743882 17
1728649642826 0.8477008163928985 18
1728650503063 0.8377481997013092 19
1728651364435 0.8390064716339112 20
1728652228541 0.8796248018741608 21
1728653090419 0.8471291124820709 22
1728653956062 0.8347234129905701 23
1728654817266 0.8285308837890625 24
1728655676818 0.843022021651268 25
1728656539946 0.8621782094240189 26
1728657405808 0.8124398648738861 27
1728658274137 0.8101715624332428 28
1728659135410 0.7680144965648651 29
1728659995771 0.7624149739742279 30
1728660857416 0.7921013802289962 31
1728661719690 0.8672051787376404 32
1728662579638 0.8217569649219513 33
1728663440403 0.8301471114158631 34
1728664300362 0.8211123704910278 35
