1728637004805 0.32745098039215687 1
1728637655358 0.3843137254901961 2
1728638309982 0.46862745098039216 3
1728638967582 0.5117647058823529 4
1728639624139 0.5490196078431373 5
1728640279714 0.5686274509803921 6
1728640935127 0.5666666666666667 7
1728641593619 0.6098039215686275 8
1728642250375 0.6137254901960785 9
1728642907343 0.6274509803921569 10
1728643578394 0.6352941176470588 11
1728644446155 0.6607843137254902 12
1728645315614 0.6627450980392157 13
1728646180768 0.6549019607843137 14
1728647051279 0.6901960784313725 15
1728647915468 0.6784313725490196 16
1728648777722 0.6803921568627451 17
1728649642826 0.7058823529411765 18
1728650503063 0.7098039215686275 19
1728651364435 0.6882352941176471 20
1728652228541 0.696078431372549 21
1728653090419 0.6862745098039216 22
1728653956062 0.692156862745098 23
1728654817266 0.7098039215686275 24
1728655676818 0.711764705882353 25
1728656539946 0.703921568627451 26
1728657405808 0.7215686274509804 27
1728658274137 0.7235294117647059 28
1728659135410 0.7137254901960784 29
1728659995771 0.7196078431372549 30
1728660857416 0.7235294117647059 31
1728661719690 0.7313725490196078 32
1728662579638 0.7352941176470589 33
1728663440403 0.7254901960784313 34
1728664300362 0.692156862745098 35
