1727575689891 1.6762045741081237 1
1727576339311 1.4314603209495544 2
1727576985327 1.2958393096923828 3
1727577632454 1.250793170928955 4
1727578279913 1.1795182645320892 5
1727578928472 1.1272534728050232 6
1727579578267 1.1028307378292084 7
1727580219846 1.070406287908554 8
1727580879569 1.083143699169159 9
1727581533853 1.0146191656589507 10
1727582186220 0.9531442582607269 11
1727582825252 0.9150636553764343 12
1727583469599 0.92817822098732 13
1727584110417 0.9313774526119232 14
1727584749496 0.873174524307251 15
1727585393195 0.893106895685196 16
1727586034019 0.8769750773906708 17
1727586674625 0.8632932126522064 18
1727587313460 0.8433691024780273 19
1727587956400 0.8199876189231873 20
1727588598881 0.8773830235004425 21
1727589246449 0.8304252684116363 22
1727589888368 0.7707782626152039 23
1727590539984 0.809681910276413 24
1727591178288 0.8348753392696381 25
1727591819501 0.8515605300664901 26
1727592459656 0.8290013432502746 27
1727593099274 0.7886925220489502 28
