1727575689891 0.3431372549019608 1
1727576339311 0.38823529411764707 2
1727576985327 0.4803921568627451 3
1727577632454 0.5176470588235295 4
1727578279913 0.5568627450980392 5
1727578928472 0.5647058823529412 6
1727579578267 0.5627450980392157 7
1727580219846 0.596078431372549 8
1727580879569 0.5901960784313726 9
1727581533853 0.611764705882353 10
1727582186220 0.615686274509804 11
1727582825252 0.6431372549019608 12
1727583469599 0.6627450980392157 13
1727584110417 0.6490196078431373 14
1727584749496 0.6607843137254902 15
1727585393195 0.6686274509803921 16
1727586034019 0.6784313725490196 17
1727586674625 0.7 18
1727587313460 0.7058823529411765 19
1727587956400 0.7058823529411765 20
1727588598881 0.6862745098039216 21
1727589246449 0.6941176470588235 22
1727589888368 0.6941176470588235 23
1727590539984 0.7058823529411765 24
1727591178288 0.7058823529411765 25
1727591819501 0.6862745098039216 26
1727592459656 0.707843137254902 27
1727593099274 0.7254901960784313 28
