1727786675273 0.33137254901960783 1
1727787328729 0.4 2
1727787982634 0.4803921568627451 3
1727788636195 0.4823529411764706 4
1727789290608 0.5274509803921569 5
1727789947970 0.5627450980392157 6
1727790793020 0.5627450980392157 7
1727791676697 0.5372549019607843 8
1727792561851 0.5529411764705883 9
1727793448655 0.5901960784313726 10
1727794337527 0.5450980392156862 11
1727795227267 0.5980392156862745 12
1727796119023 0.5941176470588235 13
1727797006450 0.611764705882353 14
1727797897806 0.615686274509804 15
1727798784755 0.6039215686274509 16
1727799666780 0.6058823529411764 17
1727800546151 0.5980392156862745 18
1727801431483 0.6058823529411764 19
1727802075233 0.592156862745098 20
