1727786675273 1.7063846826553344 1
1727787328729 1.4634951829910279 2
1727787982634 1.3515875816345215 3
1727788636195 1.2908809542655946 4
1727789290608 1.266239547729492 5
1727789947970 1.2108723521232605 6
1727790793020 1.196449625492096 7
1727791676697 1.2060214698314666 8
1727792561851 1.2245058000087738 9
1727793448655 1.1218742609024048 10
1727794337527 1.1673183917999268 11
1727795227267 1.0799058735370637 12
1727796119023 1.1229490518569947 13
1727797006450 1.0947572886943817 14
1727797897806 1.0728725016117096 15
1727798784755 1.1429139375686646 16
1727799666780 1.1190287530422212 17
1727800546151 1.1494911551475524 18
1727801431483 1.1047209441661834 19
1727802075233 1.1436385929584503 20
