1727483450418 1.697823417186737 1
1727484102153 1.459971809387207 2
1727484762071 1.313006627559662 3
1727485416666 1.2777562618255616 4
1727486073504 1.2061373829841613 5
1727486729151 1.1385918140411377 6
1727487381455 1.0935768842697144 7
1727488037782 1.0706382632255553 8
1727488778941 1.0701260924339295 9
1727489414749 1.035381156206131 10
1727490068402 0.9688385248184204 11
1727490724729 0.9387029528617858 12
1727491381467 0.9404466390609741 13
1727492039195 0.9169726848602295 14
1727492698541 0.8496524810791015 15
1727493769057 0.8922030448913574 16
1727494543883 0.9052366435527801 17
1727495246253 0.8627333164215087 18
1727495975015 0.7904294788837433 19
1727496847991 0.8418475687503815 20
1727497496918 0.8628649234771728 21
1727498147955 0.8216416537761688 22
1727498796865 0.8169371366500855 23
1727499518701 0.8456788063049316 24
