1727483450418 0.3196078431372549 1
1727484102153 0.37450980392156863 2
1727484762071 0.49019607843137253 3
1727485416666 0.5058823529411764 4
1727486073504 0.5431372549019607 5
1727486729151 0.5647058823529412 6
1727487381455 0.5529411764705883 7
1727488037782 0.5882352941176471 8
1727488778941 0.6019607843137255 9
1727489414749 0.5882352941176471 10
1727490068402 0.6235294117647059 11
1727490724729 0.6529411764705882 12
1727491381467 0.6647058823529411 13
1727492039195 0.6627450980392157 14
1727492698541 0.6784313725490196 15
1727493769057 0.6745098039215687 16
1727494543883 0.6745098039215687 17
1727495246253 0.6980392156862745 18
1727495975015 0.7137254901960784 19
1727496847991 0.6882352941176471 20
1727497496918 0.696078431372549 21
1727498147955 0.6882352941176471 22
1727498796865 0.6686274509803921 23
1727499518701 0.692156862745098 24
