1727381955251 1.736508810520172 1
1727382608464 1.4765028834342957 2
1727383260302 1.3330442190170289 3
1727383911888 1.2935648679733276 4
1727384565611 1.2438198328018188 5
1727385219178 1.1836722910404205 6
1727385874162 1.1352732539176942 7
1727386531376 1.1332812368869782 8
1727387189418 1.1436458289623261 9
1727387844459 1.0675039887428284 10
1727388500624 1.0727160274982452 11
1727389154724 1.0162564992904664 12
1727389812451 1.0280404448509217 13
1727390469818 1.0400058031082153 14
1727391126239 0.9605668783187866 15
1727391786102 1.0464206993579865 16
1727392444903 1.0564886212348938 17
1727393100579 1.022180962562561 18
1727393752440 1.0085128247737885 19
1727394407815 1.0045986831188203 20
