1727381955251 0.23529411764705882 1
1727382608464 0.3843137254901961 2
1727383260302 0.49019607843137253 3
1727383911888 0.4745098039215686 4
1727384565611 0.5019607843137255 5
1727385219178 0.5647058823529412 6
1727385874162 0.5411764705882353 7
1727386531376 0.5607843137254902 8
1727387189418 0.5686274509803921 9
1727387844459 0.6019607843137255 10
1727388500624 0.5607843137254902 11
1727389154724 0.6196078431372549 12
1727389812451 0.615686274509804 13
1727390469818 0.6254901960784314 14
1727391126239 0.6411764705882353 15
1727391786102 0.6254901960784314 16
1727392444903 0.6274509803921569 17
1727393100579 0.6470588235294118 18
1727393752440 0.6411764705882353 19
1727394407815 0.6431372549019608 20
