1728217718006 1.7029723405838013 1
1728218369774 1.4157979965209961 2
1728219021980 1.3939936399459838 3
1728219675202 1.2947331309318542 4
1728220327705 1.2758021652698517 5
1728220979914 1.3588461518287658 6
1728221633406 1.2824743509292602 7
1728222284829 1.2756733059883119 8
1728222937982 1.2137276649475097 9
1728223588752 1.2360835909843444 10
1728224239749 1.430169451236725 11
1728224889926 1.167282521724701 12
1728225542201 1.1918021738529205 13
1728226192743 1.11507608294487 14
1728226848509 1.3226086378097535 15
1728227498716 1.2504171133041382 16
1728228151810 1.263345581293106 17
1728228802028 1.2020694613456726 18
1728229456539 1.2062550246715547 19
