1728217718006 0.27450980392156865 1
1728218369774 0.4137254901960784 2
1728219021980 0.4372549019607843 3
1728219675202 0.4803921568627451 4
1728220327705 0.5098039215686274 5
1728220979914 0.49607843137254903 6
1728221633406 0.5235294117647059 7
1728222284829 0.5372549019607843 8
1728222937982 0.5549019607843138 9
1728223588752 0.5392156862745098 10
1728224239749 0.5235294117647059 11
1728224889926 0.6039215686274509 12
1728225542201 0.5901960784313726 13
1728226192743 0.5823529411764706 14
1728226848509 0.5686274509803921 15
1728227498716 0.5705882352941176 16
1728228151810 0.5941176470588235 17
1728228802028 0.6294117647058823 18
1728229456539 0.6058823529411764 19
