1727960840978 1.7315179347991942 1
1727961523418 1.4340893030166626 2
1727962206258 1.335075354576111 3
1727962896395 1.2950005412101746 4
1727963629861 1.217236191034317 5
1727964379051 1.201386559009552 6
1727965136288 1.188207894563675 7
1727965896303 1.1143209338188171 8
1727966660409 1.155896121263504 9
1727967422797 1.1004701137542725 10
1727968187104 1.0571190953254699 11
1727968949424 1.0615455329418182 12
1727969718584 1.0501047551631928 13
1727970485577 1.0470972239971161 14
1727971252310 1.0560365259647368 15
1727972029382 1.0490431904792785 16
1727972804673 1.0469801902770997 17
1727973582171 1.014328807592392 18
1727974366444 0.9841941952705383 19
1727975151631 1.0616612493991853 20
1727975934021 1.013996708393097 21
1727976717913 0.9632571518421174 22
1727977504378 0.9587788641452789 23
1727978289476 1.0044631004333495 24
1727979073559 1.029136323928833 25
1727979846267 0.9498985171318054 26
1727980622419 1.0015035927295686 27
1727981404806 0.9962438583374024 28
1727982187731 0.965100222826004 29
1727982971772 0.9404232323169708 30
1727983759403 0.9802158594131469 31
1727984549161 1.0917842626571654 32
1727985331356 1.0944334626197816 33
1727986108672 1.0957237243652345 34
1727986891784 1.0147382318973541 35
