1727960840978 0.23529411764705882 1
1727961523418 0.3784313725490196 2
1727962206258 0.4666666666666667 3
1727962896395 0.503921568627451 4
1727963629861 0.5117647058823529 5
1727964379051 0.5411764705882353 6
1727965136288 0.5333333333333333 7
1727965896303 0.5607843137254902 8
1727966660409 0.5764705882352941 9
1727967422797 0.5862745098039216 10
1727968187104 0.5941176470588235 11
1727968949424 0.6 12
1727969718584 0.6274509803921569 13
1727970485577 0.6176470588235294 14
1727971252310 0.6058823529411764 15
1727972029382 0.6176470588235294 16
1727972804673 0.6176470588235294 17
1727973582171 0.6411764705882353 18
1727974366444 0.6392156862745098 19
1727975151631 0.6254901960784314 20
1727975934021 0.6450980392156863 21
1727976717913 0.6529411764705882 22
1727977504378 0.6784313725490196 23
1727978289476 0.6509803921568628 24
1727979073559 0.6803921568627451 25
1727979846267 0.6784313725490196 26
1727980622419 0.6784313725490196 27
1727981404806 0.6647058823529411 28
1727982187731 0.6607843137254902 29
1727982971772 0.6725490196078432 30
1727983759403 0.6980392156862745 31
1727984549161 0.6784313725490196 32
1727985331356 0.6764705882352942 33
1727986108672 0.6803921568627451 34
1727986891784 0.6647058823529411 35
