1728688810831 1.6813496470451355 1
1728689437298 1.4374299883842467 2
1728690084578 1.2994895219802856 3
1728690733311 1.2466860651969909 4
1728691385225 1.1860865235328675 5
1728692041238 1.1316785871982575 6
1728692694904 1.0785290598869324 7
1728693348314 1.0448388695716857 8
1728694001981 1.0435540139675141 9
1728694734127 1.0102745354175569 10
1728695384127 0.9735604286193847 11
1728696214579 0.9175311028957367 12
1728697071789 0.9438463568687439 13
1728697938359 0.927737683057785 14
1728698804697 0.8625353753566742 15
1728699656414 0.9013977348804474 16
1728700508471 0.9135045945644379 17
1728701359145 0.857916134595871 18
1728702209441 0.8584640979766845 19
1728703179424 0.8587189078330993 20
1728703772340 0.9066298365592956 21
1728704414093 0.8623106479644775 22
1728705064673 0.840698629617691 23
1728705752545 0.85938258767128 24
1728706395567 0.8498151332139969 25
1728707050512 0.882131227850914 26
1728707703437 0.8824241161346436 27
1728708356740 0.8437765657901763 28
