1728688810831 0.3411764705882353 1
1728689437298 0.38823529411764707 2
1728690084578 0.4745098039215686 3
1728690733311 0.5235294117647059 4
1728691385225 0.5588235294117647 5
1728692041238 0.5509803921568628 6
1728692694904 0.5627450980392157 7
1728693348314 0.6039215686274509 8
1728694001981 0.6098039215686275 9
1728694734127 0.6176470588235294 10
1728695384127 0.6235294117647059 11
1728696214579 0.6588235294117647 12
1728697071789 0.6588235294117647 13
1728697938359 0.6450980392156863 14
1728698804697 0.6705882352941176 15
1728699656414 0.6647058823529411 16
1728700508471 0.6666666666666666 17
1728701359145 0.7 18
1728702209441 0.7019607843137254 19
1728703179424 0.6843137254901961 20
1728703772340 0.6666666666666666 21
1728704414093 0.6823529411764706 22
1728705064673 0.6764705882352942 23
1728705752545 0.696078431372549 24
1728706395567 0.6882352941176471 25
1728707050512 0.6882352941176471 26
1728707703437 0.7235294117647059 27
1728708356740 0.7098039215686275 28
