1727771510402 1.6824609160423278 1
1727772162633 1.4464130401611328 2
1727772815919 1.2998566389083863 3
1727773471286 1.2337733387947083 4
1727774126833 1.219600683450699 5
1727774781122 1.1449486672878266 6
1727775436854 1.1269980788230896 7
1727776089795 1.143797016143799 8
1727776742275 1.158536547422409 9
1727777474418 1.0651536345481873 10
1727778104693 1.0815747737884522 11
1727778758649 1.0479244530200957 12
1727779410576 1.0720439493656158 13
1727780064452 1.0290782570838928 14
1727780722587 1.0139695644378661 15
1727781380251 1.0572021782398224 16
1727782037134 1.0433893740177154 17
1727782698102 1.0128608644008636 18
1727783359122 1.0683870255947112 19
1727784016469 1.0432075679302215 20
1727784678983 1.0774017989635467 21
1727785338834 1.0237653136253357 22
1727785999631 1.06953883767128 23
