1727771510402 0.3431372549019608 1
1727772162633 0.40588235294117647 2
1727772815919 0.49019607843137253 3
1727773471286 0.5078431372549019 4
1727774126833 0.5196078431372549 5
1727774781122 0.596078431372549 6
1727775436854 0.5705882352941176 7
1727776089795 0.5784313725490197 8
1727776742275 0.5882352941176471 9
1727777474418 0.6137254901960785 10
1727778104693 0.5784313725490197 11
1727778758649 0.615686274509804 12
1727779410576 0.6254901960784314 13
1727780064452 0.615686274509804 14
1727780722587 0.6352941176470588 15
1727781380251 0.6333333333333333 16
1727782037134 0.6450980392156863 17
1727782698102 0.6490196078431373 18
1727783359122 0.6313725490196078 19
1727784016469 0.6372549019607843 20
1727784678983 0.6333333333333333 21
1727785338834 0.6470588235294118 22
1727785999631 0.6411764705882353 23
