1728833817625 0.3196078431372549 1
1728834447319 0.3686274509803922 2
1728835091336 0.46862745098039216 3
1728835735815 0.49411764705882355 4
1728836380499 0.5392156862745098 5
1728837026483 0.5725490196078431 6
1728837674921 0.5431372549019607 7
1728838323965 0.5882352941176471 8
1728838971717 0.5980392156862745 9
1728839623236 0.6039215686274509 10
1728840273414 0.6294117647058823 11
1728840922458 0.6588235294117647 12
1728841575697 0.6686274509803921 13
1728842224864 0.6607843137254902 14
1728842873339 0.6862745098039216 15
1728843521427 0.6627450980392157 16
1728844171397 0.6843137254901961 17
1728844821751 0.696078431372549 18
1728845471354 0.7137254901960784 19
1728846267367 0.6901960784313725 20
1728847133489 0.6901960784313725 21
1728847998254 0.6784313725490196 22
1728848865261 0.6725490196078432 23
1728849732212 0.692156862745098 24
1728850599129 0.7058823529411765 25
1728851468032 0.7176470588235294 26
1728852338755 0.711764705882353 27
1728853210966 0.7137254901960784 28
1728854078181 0.711764705882353 29
1728854953001 0.711764705882353 30
1728855820475 0.7137254901960784 31
1728856689051 0.7333333333333333 32
1728857559697 0.7274509803921568 33
1728858436050 0.7274509803921568 34
1728859310798 0.7176470588235294 35
1728860187870 0.7254901960784313 36
