1728833817625 1.697823429107666 1
1728834447319 1.4668796896934508 2
1728835091336 1.3294946551322937 3
1728835735815 1.2855831384658813 4
1728836380499 1.2008296012878419 5
1728837026483 1.14164400100708 6
1728837674921 1.1067761540412904 7
1728838323965 1.0741849839687347 8
1728838971717 1.0623344480991364 9
1728839623236 1.038237076997757 10
1728840273414 0.9789377570152282 11
1728840922458 0.9341214835643769 12
1728841575697 0.92483771443367 13
1728842224864 0.9225056350231171 14
1728842873339 0.8552069544792176 15
1728843521427 0.8907378315925598 16
1728844171397 0.9221258044242859 17
1728844821751 0.8507302045822144 18
1728845471354 0.8068584740161896 19
1728846267367 0.8492563664913177 20
1728847133489 0.8674151539802551 21
1728847998254 0.8425218105316162 22
1728848865261 0.8003413319587708 23
1728849732212 0.8294960558414459 24
1728850599129 0.8435364007949829 25
1728851468032 0.8522445291280747 26
1728852338755 0.8276708424091339 27
1728853210966 0.8002139091491699 28
1728854078181 0.8196209728717804 29
1728854953001 0.773189377784729 30
1728855820475 0.7700016617774963 31
1728856689051 0.8437863290309906 32
1728857559697 0.8437202394008636 33
1728858436050 0.8482814311981202 34
1728859310798 0.7809247136116028 35
1728860187870 0.7774209618568421 36
