1729059214623 1.6835895419120788 1
1729059849264 1.426025402545929 2
1729060485505 1.2887125968933106 3
1729061120344 1.2226372838020325 4
1729061756786 1.1914132356643676 5
1729062392056 1.1518110394477845 6
1729063040566 1.0924697518348694 7
1729063672055 1.099953979253769 8
1729064307747 1.1205535054206848 9
1729064945965 1.040039998292923 10
1729065583979 1.020359420776367 11
1729066223633 0.9822553336620331 12
1729066872222 1.03249192237854 13
1729067515106 1.0064342439174652 14
1729068161793 0.9721783995628357 15
1729068809158 1.0838595032691956 16
1729069448078 1.048632299900055 17
1729070089332 0.9977737963199615 18
1729070790491 1.0178752779960631 19
1729071412356 1.035940009355545 20
