1729059214623 0.30392156862745096 1
1729059849264 0.4 2
1729060485505 0.492156862745098 3
1729061120344 0.5196078431372549 4
1729061756786 0.5352941176470588 5
1729062392056 0.5803921568627451 6
1729063040566 0.5784313725490197 7
1729063672055 0.6019607843137255 8
1729064307747 0.6137254901960785 9
1729064945965 0.6333333333333333 10
1729065583979 0.6 11
1729066223633 0.6333333333333333 12
1729066872222 0.6294117647058823 13
1729067515106 0.6450980392156863 14
1729068161793 0.6549019607843137 15
1729068809158 0.6392156862745098 16
1729069448078 0.6431372549019608 17
1729070089332 0.6882352941176471 18
1729070790491 0.6431372549019608 19
1729071412356 0.6392156862745098 20
