1728271386392 1.7315179586410523 1
1728272036431 1.4352930426597594 2
1728272700634 1.328919517993927 3
1728273384565 1.3054458141326903 4
1728274025462 1.2295295119285583 5
1728274676065 1.201704216003418 6
1728275328311 1.209161287546158 7
1728275979401 1.1396058440208434 8
1728276671269 1.165770173072815 9
1728277325616 1.1209861516952515 10
1728277974691 1.066678100824356 11
1728278624308 1.0724412977695466 12
1728279272612 1.0445107817649841 13
1728279922393 1.0399020314216614 14
1728280572501 1.0113114655017852 15
1728281227607 1.0605794310569763 16
1728281882492 1.0512447834014893 17
1728282535975 0.9784316778182983 18
1728283189040 0.9587178230285645 19
1728283881890 1.0269614636898041 20
1728284555766 1.0075459599494934 21
1728285205593 0.960032707452774 22
1728285856036 0.965633875131607 23
1728286506506 0.9478815257549286 24
1728287157250 1.0313272535800935 25
1728287806407 0.9898360013961792 26
1728288458843 0.9778480648994445 27
1728289110407 0.9782647967338562 28
1728289760690 0.9889383912086487 29
