1728271386392 0.23529411764705882 1
1728272036431 0.37450980392156863 2
1728272700634 0.4549019607843137 3
1728273384565 0.4980392156862745 4
1728274025462 0.5117647058823529 5
1728274676065 0.5490196078431373 6
1728275328311 0.5333333333333333 7
1728275979401 0.5588235294117647 8
1728276671269 0.5784313725490197 9
1728277325616 0.5803921568627451 10
1728277974691 0.5764705882352941 11
1728278624308 0.5901960784313726 12
1728279272612 0.6294117647058823 13
1728279922393 0.6235294117647059 14
1728280572501 0.6176470588235294 15
1728281227607 0.6176470588235294 16
1728281882492 0.6098039215686275 17
1728282535975 0.6392156862745098 18
1728283189040 0.6725490196078432 19
1728283881890 0.6352941176470588 20
1728284555766 0.6607843137254902 21
1728285205593 0.6588235294117647 22
1728285856036 0.6725490196078432 23
1728286506506 0.6490196078431373 24
1728287157250 0.6607843137254902 25
1728287806407 0.6725490196078432 26
1728288458843 0.6784313725490196 27
1728289110407 0.6627450980392157 28
1728289760690 0.6705882352941176 29
