1727927049943 1.6729086637496948 1
1727927914534 1.3945189237594604 2
1727928780754 1.3294351935386657 3
1727929648209 1.264776074886322 4
1727930515381 1.2456501841545105 5
1727931377393 1.2031959772109986 6
1727932247336 1.1601960837841034 7
1727933112487 1.1451417267322541 8
1727934003141 1.1288903176784515 9
1727934643977 1.1108811438083648 10
1727935317838 1.0612664997577668 11
1727936002850 1.0569387435913087 12
1727936698075 1.0337211906909942 13
1727937376899 1.0561974048614502 14
1727938062439 0.981991845369339 15
1727938823886 0.968383663892746 16
1727939516582 1.0631194174289704 17
1727940206596 1.0133955001831054 18
1727940895194 0.9613460183143616 19
1727941586734 1.0396618485450744 20
1727942276135 1.0731029033660888 21
1727942966854 0.9627408623695374 22
1727943650711 0.9661244034767151 23
1727944342317 1.000587272644043 24
