1727927049943 0.34509803921568627 1
1727927914534 0.4137254901960784 2
1727928780754 0.45294117647058824 3
1727929648209 0.5078431372549019 4
1727930515381 0.5176470588235295 5
1727931377393 0.5431372549019607 6
1727932247336 0.5470588235294118 7
1727933112487 0.5627450980392157 8
1727934003141 0.5725490196078431 9
1727934643977 0.592156862745098 10
1727935317838 0.6 11
1727936002850 0.6039215686274509 12
1727936698075 0.6392156862745098 13
1727937376899 0.6176470588235294 14
1727938062439 0.6196078431372549 15
1727938823886 0.6352941176470588 16
1727939516582 0.6254901960784314 17
1727940206596 0.6509803921568628 18
1727940895194 0.6607843137254902 19
1727941586734 0.6313725490196078 20
1727942276135 0.6627450980392157 21
1727942966854 0.6588235294117647 22
1727943650711 0.6745098039215687 23
1727944342317 0.6764705882352942 24
