1727637976261 1.736508810520172 1
1727638623398 1.4773299932479858 2
1727639273519 1.3351805448532104 3
1727639924043 1.2731279730796814 4
1727640575225 1.2409338772296905 5
1727641226674 1.1834835469722749 6
1727641875784 1.1310183525085449 7
1727642527894 1.1217292249202728 8
1727643176759 1.13284130692482 9
1727643826183 1.0554092824459076 10
1727644475499 1.074290680885315 11
1727645125825 1.0202122628688812 12
1727645778516 1.0113852202892304 13
1727646429536 1.05369011759758 14
1727647082664 0.9660991191864013 15
1727647733735 1.0457716882228851 16
1727648383104 1.0666198790073396 17
1727649032362 1.0120304107666016 18
1727649680491 1.0147781491279602 19
1727650328482 1.0167584896087647 20
