1727637976261 0.23529411764705882 1
1727638623398 0.38823529411764707 2
1727639273519 0.49411764705882355 3
1727639924043 0.49607843137254903 4
1727640575225 0.503921568627451 5
1727641226674 0.5666666666666667 6
1727641875784 0.5450980392156862 7
1727642527894 0.5666666666666667 8
1727643176759 0.5705882352941176 9
1727643826183 0.6058823529411764 10
1727644475499 0.5803921568627451 11
1727645125825 0.6254901960784314 12
1727645778516 0.6254901960784314 13
1727646429536 0.611764705882353 14
1727647082664 0.6392156862745098 15
1727647733735 0.6215686274509804 16
1727648383104 0.6490196078431373 17
1727649032362 0.6392156862745098 18
1727649680491 0.6313725490196078 19
1727650328482 0.6294117647058823 20
