1727437141887 0.3392156862745098 1
1727437795141 0.396078431372549 2
1727438449768 0.4843137254901961 3
1727439173816 0.492156862745098 4
1727439819383 0.5627450980392157 5
1727440484605 0.5588235294117647 6
1727441133829 0.5470588235294118 7
1727441787458 0.5784313725490197 8
1727442444234 0.592156862745098 9
1727443097564 0.6019607843137255 10
1727443754025 0.6274509803921569 11
1727444408413 0.6666666666666666 12
1727445079648 0.6647058823529411 13
1727445735855 0.6470588235294118 14
1727446395963 0.6764705882352942 15
1727447055464 0.6509803921568628 16
1727447827974 0.6568627450980392 17
1727448489888 0.707843137254902 18
1727449145547 0.6941176470588235 19
1727449801893 0.703921568627451 20
1727450458933 0.6725490196078432 21
1727451115707 0.696078431372549 22
1727451770499 0.6784313725490196 23
1727452426335 0.7058823529411765 24
1727453082281 0.7156862745098039 25
1727453739737 0.703921568627451 26
1727454396965 0.711764705882353 27
1727455054353 0.6980392156862745 28
1727455711574 0.7176470588235294 29
1727456368790 0.7098039215686275 30
1727457023350 0.7215686274509804 31
1727457677462 0.7215686274509804 32
1727458332039 0.7196078431372549 33
1727458983616 0.7235294117647059 34
1727459639423 0.7274509803921568 35
