1727437141887 1.698098886013031 1
1727437795141 1.4376440525054932 2
1727438449768 1.3132349371910095 3
1727439173816 1.2794989585876464 4
1727439819383 1.19089874625206 5
1727440484605 1.1370089054107666 6
1727441133829 1.0920266926288604 7
1727441787458 1.0859933853149415 8
1727442444234 1.077586406469345 9
1727443097564 1.0104884922504425 10
1727443754025 0.9603147149085999 11
1727444408413 0.9219658315181732 12
1727445079648 0.9358746826648712 13
1727445735855 0.9168944358825684 14
1727446395963 0.8639427959918976 15
1727447055464 0.8863522171974182 16
1727447827974 0.914298701286316 17
1727448489888 0.8322575449943542 18
1727449145547 0.828417843580246 19
1727449801893 0.8302196383476257 20
1727450458933 0.8468312561511994 21
1727451115707 0.8257204473018647 22
1727451770499 0.844476717710495 23
1727452426335 0.8113715350627899 24
1727453082281 0.8161780267953873 25
1727453739737 0.8336546689271926 26
1727454396965 0.7865076273679733 27
1727455054353 0.7739327728748322 28
1727455711574 0.7609429717063904 29
1727456368790 0.7140309095382691 30
1727457023350 0.7545868039131165 31
1727457677462 0.8234530001878738 32
1727458332039 0.8294663369655609 33
1727458983616 0.8093816995620727 34
1727459639423 0.7368678510189056 35
