1727906887958 1.7029723405838013 1
1727907570610 1.4193408250808717 2
1727908251774 1.4012843012809753 3
1727908932783 1.2849615573883058 4
1727909615003 1.2853982090950011 5
1727910298652 1.3504890322685241 6
1727910996834 1.282475209236145 7
1727911684942 1.2908127784729004 8
1727912368335 1.2191549777984618 9
1727913052646 1.2420112431049346 10
1727913740590 1.4280294179916382 11
1727914431839 1.161926132440567 12
1727915116724 1.1994001388549804 13
1727915804295 1.1463619470596313 14
1727916497291 1.3156214773654937 15
1727917191404 1.290615576505661 16
1727917874101 1.2956744372844695 17
1727918556444 1.2088878631591797 18
1727919240415 1.2360288977622986 19
