1727906887958 0.27450980392156865 1
1727907570610 0.40784313725490196 2
1727908251774 0.43529411764705883 3
1727908932783 0.4764705882352941 4
1727909615003 0.5098039215686274 5
1727910298652 0.492156862745098 6
1727910996834 0.5254901960784314 7
1727911684942 0.5509803921568628 8
1727912368335 0.5450980392156862 9
1727913052646 0.5509803921568628 10
1727913740590 0.515686274509804 11
1727914431839 0.5862745098039216 12
1727915116724 0.592156862745098 13
1727915804295 0.5901960784313726 14
1727916497291 0.5745098039215686 15
1727917191404 0.5764705882352941 16
1727917874101 0.5941176470588235 17
1727918556444 0.6372549019607843 18
1727919240415 0.6019607843137255 19
