1728112623388 1.67542884349823 1
1728113338258 1.4369617581367493 2
1728113987691 1.3063182711601258 3
1728114728735 1.2416019558906555 4
1728115421954 1.1982638895511628 5
1728116088776 1.1423029065132142 6
1728116752325 1.1187639236450195 7
1728117416147 1.1421118676662445 8
1728118100371 1.118105912208557 9
1728118758954 1.0677948236465453 10
1728119420446 1.0705082595348359 11
1728120080331 1.0419106543064118 12
1728120740596 1.0727673947811127 13
1728121399963 0.9993571758270263 14
1728122061120 0.9857776284217834 15
1728122730765 1.0862046897411346 16
1728123398123 1.0903587996959687 17
1728124063729 1.049198853969574 18
1728124721347 1.0199073731899262 19
1728125375333 1.032126259803772 20
