1728112623388 0.3352941176470588 1
1728113338258 0.3941176470588235 2
1728113987691 0.4725490196078431 3
1728114728735 0.5058823529411764 4
1728115421954 0.5392156862745098 5
1728116088776 0.5745098039215686 6
1728116752325 0.5588235294117647 7
1728117416147 0.5784313725490197 8
1728118100371 0.6 9
1728118758954 0.6137254901960785 10
1728119420446 0.5764705882352941 11
1728120080331 0.6 12
1728120740596 0.6235294117647059 13
1728121399963 0.6352941176470588 14
1728122061120 0.6607843137254902 15
1728122730765 0.6294117647058823 16
1728123398123 0.6392156862745098 17
1728124063729 0.6372549019607843 18
1728124721347 0.6470588235294118 19
1728125375333 0.6588235294117647 20
