1727945040341 0.307843137254902 1
1727945755909 0.4019607843137255 2
1727946435482 0.4803921568627451 3
1727947120864 0.515686274509804 4
1727947804907 0.5058823529411764 5
1727948492953 0.5274509803921569 6
1727949178595 0.5372549019607843 7
1727949864796 0.5705882352941176 8
1727950554525 0.5764705882352941 9
1727951241870 0.5941176470588235 10
1727951922957 0.6039215686274509 11
1727952608677 0.6313725490196078 12
1727953291919 0.6294117647058823 13
1727953984974 0.6313725490196078 14
1727954669039 0.615686274509804 15
1727955349019 0.6176470588235294 16
1727956031807 0.615686274509804 17
1727956714175 0.6666666666666666 18
1727957395899 0.6568627450980392 19
1727958075882 0.6352941176470588 20
1727958758570 0.6666666666666666 21
1727959445039 0.6450980392156863 22
1727960133852 0.6450980392156863 23
