1727945040341 1.7006089091300964 1
1727945755909 1.4048420786857605 2
1727946435482 1.3220548152923584 3
1727947120864 1.2394604802131652 4
1727947804907 1.2232759952545167 5
1727948492953 1.2157501101493835 6
1727949178595 1.1662528395652771 7
1727949864796 1.1182741045951843 8
1727950554525 1.1201132953166961 9
1727951241870 1.0421624183654785 10
1727951922957 1.0753198742866517 11
1727952608677 1.0004793047904967 12
1727953291919 1.0197175979614257 13
1727953984974 0.9762756288051605 14
1727954669039 1.015798842906952 15
1727955349019 0.979984700679779 16
1727956031807 1.0909699499607086 17
1727956714175 0.9610212624073029 18
1727957395899 0.975862592458725 19
1727958075882 1.0409861505031586 20
1727958758570 1.0099045276641845 21
1727959445039 0.9977178931236267 22
1727960133852 1.039660096168518 23
