1727681341255 1.69809889793396 1
1727681992786 1.4403231859207153 2
1727682646549 1.3144151210784911 3
1727683296771 1.2705604910850525 4
1727683947800 1.1971517384052277 5
1727684600572 1.147098445892334 6
1727685256855 1.0934166431427002 7
1727685909874 1.088850384950638 8
1727686677923 1.0896780848503114 9
1727687319479 1.0267599821090698 10
1727687972770 0.9692068576812745 11
1727688626813 0.9360396385192871 12
1727689285930 0.9405654966831207 13
1727689947166 0.9343096017837524 14
1727690609972 0.8650061309337616 15
1727691266355 0.8874482631683349 16
1727691924211 0.9200834453105926 17
1727692584905 0.8516439735889435 18
1727693242782 0.8236435711383819 19
1727693934829 0.841673731803894 20
1727694586450 0.8537311136722565 21
1727695250837 0.8487045705318451 22
1727695912574 0.8194240510463715 23
1727696573980 0.8294233739376068 24
1727697232971 0.8230665355920792 25
1727697892831 0.8422694385051728 26
1727698552391 0.7872761487960815 27
1727699211132 0.7634933710098266 28
1727699868230 0.7784222304821015 29
1727700527847 0.7317510724067688 30
1727701181400 0.7755929142236709 31
1727701838788 0.843013709783554 32
1727702498820 0.8509443700313568 33
1727703159733 0.8324117064476013 34
1727703817832 0.7466196358203888 35
