1727681341255 0.3392156862745098 1
1727681992786 0.4 2
1727682646549 0.4843137254901961 3
1727683296771 0.5196078431372549 4
1727683947800 0.5509803921568628 5
1727684600572 0.5607843137254902 6
1727685256855 0.5529411764705883 7
1727685909874 0.5745098039215686 8
1727686677923 0.5725490196078431 9
1727687319479 0.6078431372549019 10
1727687972770 0.6333333333333333 11
1727688626813 0.6411764705882353 12
1727689285930 0.6411764705882353 13
1727689947166 0.6352941176470588 14
1727690609972 0.6607843137254902 15
1727691266355 0.6549019607843137 16
1727691924211 0.6627450980392157 17
1727692584905 0.692156862745098 18
1727693242782 0.6941176470588235 19
1727693934829 0.6882352941176471 20
1727694586450 0.6823529411764706 21
1727695250837 0.6803921568627451 22
1727695912574 0.6666666666666666 23
1727696573980 0.7058823529411765 24
1727697232971 0.7235294117647059 25
1727697892831 0.703921568627451 26
1727698552391 0.7215686274509804 27
1727699211132 0.7313725490196078 28
1727699868230 0.7156862745098039 29
1727700527847 0.7254901960784313 30
1727701181400 0.7098039215686275 31
1727701838788 0.7176470588235294 32
1727702498820 0.7352941176470589 33
1727703159733 0.7196078431372549 34
1727703817832 0.7450980392156863 35
