1727559969465 0.32745098039215687 1
1727560614151 0.38823529411764707 2
1727561259056 0.4627450980392157 3
1727561906303 0.5215686274509804 4
1727562555747 0.5372549019607843 5
1727563207691 0.5666666666666667 6
1727563857876 0.5686274509803921 7
1727564510277 0.6019607843137255 8
1727565158054 0.5882352941176471 9
1727565808801 0.6196078431372549 10
1727566473616 0.6274509803921569 11
1727567118408 0.6588235294117647 12
1727567768511 0.6529411764705882 13
1727568417449 0.6627450980392157 14
1727569145117 0.6705882352941176 15
1727569798411 0.6686274509803921 16
1727570468430 0.6764705882352942 17
1727571113480 0.707843137254902 18
1727571765578 0.703921568627451 19
1727572415913 0.6666666666666666 20
1727573065187 0.6941176470588235 21
1727573717204 0.6764705882352942 22
1727574367287 0.6764705882352942 23
1727575017655 0.7019607843137254 24
