1727559969465 1.671770739555359 1
1727560614151 1.438627791404724 2
1727561259056 1.3041507124900817 3
1727561906303 1.2460851311683654 4
1727562555747 1.1901859998703004 5
1727563207691 1.1139580011367798 6
1727563857876 1.0883495688438416 7
1727564510277 1.0385713815689086 8
1727565158054 1.0469042718410493 9
1727565808801 1.0099328398704528 10
1727566473616 0.9506525516510009 11
1727567118408 0.9029961824417114 12
1727567768511 0.9326180815696716 13
1727568417449 0.9049107551574707 14
1727569145117 0.8616237819194794 15
1727569798411 0.8976739883422852 16
1727570468430 0.8924070537090302 17
1727571113480 0.8520922243595124 18
1727571765578 0.834686553478241 19
1727572415913 0.8510560035705567 20
1727573065187 0.8763715207576752 21
1727573717204 0.8542988240718842 22
1727574367287 0.8350768744945526 23
1727575017655 0.8400027036666871 24
