1727802736128 1.67177072763443 1
1727803388413 1.4405981063842774 2
1727804047735 1.2995067477226256 3
1727804712608 1.2360155820846557 4
1727805380336 1.1811396479606628 5
1727806043706 1.1233106017112733 6
1727806712100 1.0857804119586945 7
1727807380626 1.0603908598423004 8
1727808050813 1.0509872019290925 9
1727808721499 1.0088579952716827 10
1727809393211 0.9463118314743042 11
1727810064474 0.9138511717319489 12
1727810733798 0.934810745716095 13
1727811403551 0.907047039270401 14
1727812073560 0.8598992109298706 15
1727812743897 0.8742664217948913 16
1727813414366 0.8898056328296662 17
1727814082312 0.8542042732238769 18
1727814752127 0.8484715640544891 19
1727815423909 0.8567067444324493 20
1727816095698 0.8615245282649994 21
1727816765732 0.8445138037204742 22
1727817435874 0.8416445672512054 23
1727818256700 0.8371503174304962 24
1727819152120 0.8675521522760391 25
1727820046447 0.8455071210861206 26
1727820946193 0.8354881912469864 27
1727821842207 0.8115027189254761 28
1727822739422 0.8106456995010376 29
1727823637996 0.7603392660617828 30
1727824536254 0.8059616148471832 31
1727825433047 0.8701869428157807 32
1727826333451 0.8386485546827316 33
1727827239023 0.824575325846672 34
1727828140543 0.8069246113300323 35
