1727802736128 0.32745098039215687 1
1727803388413 0.38823529411764707 2
1727804047735 0.4588235294117647 3
1727804712608 0.5137254901960784 4
1727805380336 0.5470588235294118 5
1727806043706 0.5745098039215686 6
1727806712100 0.5764705882352941 7
1727807380626 0.5803921568627451 8
1727808050813 0.6039215686274509 9
1727808721499 0.6137254901960785 10
1727809393211 0.6215686274509804 11
1727810064474 0.6627450980392157 12
1727810733798 0.6568627450980392 13
1727811403551 0.6490196078431373 14
1727812073560 0.6725490196078432 15
1727812743897 0.6686274509803921 16
1727813414366 0.6803921568627451 17
1727814082312 0.7098039215686275 18
1727814752127 0.7058823529411765 19
1727815423909 0.6784313725490196 20
1727816095698 0.6882352941176471 21
1727816765732 0.6843137254901961 22
1727817435874 0.6784313725490196 23
1727818256700 0.7137254901960784 24
1727819152120 0.7098039215686275 25
1727820046447 0.7156862745098039 26
1727820946193 0.7235294117647059 27
1727821842207 0.7098039215686275 28
1727822739422 0.7019607843137254 29
1727823637996 0.7156862745098039 30
1727824536254 0.7196078431372549 31
1727825433047 0.7235294117647059 32
1727826333451 0.7313725490196078 33
1727827239023 0.7313725490196078 34
1727828140543 0.711764705882353 35
