1728474235807 1.6737461805343627 1
1728474902207 1.4371444940567017 2
1728475572661 1.304887056350708 3
1728476246003 1.2403997778892517 4
1728476917608 1.1658024609088897 5
1728477588479 1.1129677414894104 6
1728478262554 1.0709015250205993 7
1728478936101 1.0469349145889282 8
1728479604768 1.0445436537265778 9
1728480279508 0.9839254498481751 10
1728480957197 0.946700495481491 11
1728481622953 0.9266417920589447 12
1728482293945 0.9398212969303131 13
1728482979969 0.9272015511989593 14
1728483644925 0.8525914371013641 15
1728484316274 0.8918482542037964 16
1728484987923 0.8941039025783539 17
1728485660392 0.8615986227989196 18
1728486336532 0.8659004747867585 19
1728487010568 0.850626677274704 20
1728487688290 0.8772239685058594 21
1728488369525 0.8435948193073273 22
1728489042649 0.8285767376422882 23
1728489718121 0.8472202956676483 24
1728490391812 0.8786344945430755 25
1728491064989 0.8698748677968979 26
1728491736553 0.8486844420433044 27
1728492409980 0.8316803812980652 28
