1728474235807 0.33725490196078434 1
1728474902207 0.38235294117647056 2
1728475572661 0.4745098039215686 3
1728476246003 0.503921568627451 4
1728476917608 0.5568627450980392 5
1728477588479 0.5509803921568628 6
1728478262554 0.5588235294117647 7
1728478936101 0.5843137254901961 8
1728479604768 0.6058823529411764 9
1728480279508 0.6176470588235294 10
1728480957197 0.615686274509804 11
1728481622953 0.6509803921568628 12
1728482293945 0.6647058823529411 13
1728482979969 0.6392156862745098 14
1728483644925 0.6823529411764706 15
1728484316274 0.6647058823529411 16
1728484987923 0.6666666666666666 17
1728485660392 0.7 18
1728486336532 0.703921568627451 19
1728487010568 0.696078431372549 20
1728487688290 0.6784313725490196 21
1728488369525 0.6803921568627451 22
1728489042649 0.6823529411764706 23
1728489718121 0.707843137254902 24
1728490391812 0.7215686274509804 25
1728491064989 0.6862745098039216 26
1728491736553 0.6980392156862745 27
1728492409980 0.7 28
