1728623893631 1.7063846826553344 1
1728624541180 1.4627393245697022 2
1728625187753 1.342323112487793 3
1728625850400 1.2853108644485474 4
1728626489056 1.264275813102722 5
1728627198953 1.2111231863498688 6
1728627870589 1.194357192516327 7
1728628517486 1.2002148389816285 8
1728629163705 1.1839096426963807 9
1728629810555 1.1294127404689789 10
1728630457799 1.1854087948799132 11
1728631109200 1.1231061041355133 12
1728631759892 1.1169149458408356 13
1728632411382 1.1127824187278748 14
1728633060731 1.0785523235797883 15
1728633712372 1.1457529187202453 16
1728634365883 1.1453202307224273 17
1728635019252 1.0982698380947113 18
1728635673482 1.090578430891037 19
1728636325039 1.1138165295124054 20
