1728623893631 0.33137254901960783 1
1728624541180 0.4019607843137255 2
1728625187753 0.49607843137254903 3
1728625850400 0.492156862745098 4
1728626489056 0.5196078431372549 5
1728627198953 0.5529411764705883 6
1728627870589 0.5352941176470588 7
1728628517486 0.5431372549019607 8
1728629163705 0.5686274509803921 9
1728629810555 0.5843137254901961 10
1728630457799 0.5568627450980392 11
1728631109200 0.5862745098039216 12
1728631759892 0.6 13
1728632411382 0.5941176470588235 14
1728633060731 0.6137254901960785 15
1728633712372 0.6176470588235294 16
1728634365883 0.6078431372549019 17
1728635019252 0.6372549019607843 18
1728635673482 0.611764705882353 19
1728636325039 0.5980392156862745 20
