1728087832547 0.30392156862745096 1
1728088501418 0.4019607843137255 2
1728089170658 0.492156862745098 3
1728089838295 0.5176470588235295 4
1728090506416 0.5274509803921569 5
1728091172841 0.5862745098039216 6
1728091843959 0.5901960784313726 7
1728092522363 0.592156862745098 8
1728093198867 0.6098039215686275 9
1728093869150 0.6215686274509804 10
1728094534579 0.6019607843137255 11
1728095202672 0.6254901960784314 12
1728095871965 0.6352941176470588 13
1728096543965 0.6294117647058823 14
1728097214833 0.6588235294117647 15
1728097886421 0.6313725490196078 16
1728098559153 0.6509803921568628 17
