1728087832547 1.6835895657539368 1
1728088501418 1.4261824369430542 2
1728089170658 1.2758862137794496 3
1728089838295 1.2285331726074218 4
1728090506416 1.1906985819339753 5
1728091172841 1.1436405539512635 6
1728091843959 1.0908430516719818 7
1728092522363 1.104635739326477 8
1728093198867 1.1242604970932006 9
1728093869150 1.045529729127884 10
1728094534579 1.0197219371795654 11
1728095202672 0.9769339978694915 12
1728095871965 1.0154994070529937 13
1728096543965 1.0241833090782166 14
1728097214833 0.9859937608242035 15
1728097886421 1.075929445028305 16
1728098559153 1.0370997071266175 17
