1728034693210 1.6955623745918273 1
1728035468596 1.428541648387909 2
1728036244088 1.313563632965088 3
1728037073461 1.2591588616371154 4
1728037827122 1.1820559859275819 5
1728038594540 1.1377961337566376 6
1728039306110 1.1023508131504058 7
1728039984671 1.074281245470047 8
1728040660860 1.0599535346031188 9
1728041343195 1.0206914484500884 10
1728042024741 0.9544146180152893 11
1728042708250 0.9366528451442718 12
1728043394006 0.9513504147529602 13
1728044077884 0.9211368203163147 14
1728044764241 0.8769385635852813 15
1728045447336 0.8718330919742584 16
1728046129523 0.9037151634693146 17
1728046865606 0.8602817714214325 18
1728047534373 0.8151603221893311 19
1728048220633 0.8762991309165955 20
1728048905457 0.8759079456329346 21
1728049590094 0.848316615819931 22
1728050275627 0.8219310700893402 23
1728051158182 0.8531785845756531 24
