1728034693210 0.32941176470588235 1
1728035468596 0.39019607843137255 2
1728036244088 0.4549019607843137 3
1728037073461 0.5176470588235295 4
1728037827122 0.5627450980392157 5
1728038594540 0.5607843137254902 6
1728039306110 0.5431372549019607 7
1728039984671 0.5764705882352941 8
1728040660860 0.6019607843137255 9
1728041343195 0.6078431372549019 10
1728042024741 0.6352941176470588 11
1728042708250 0.6509803921568628 12
1728043394006 0.6372549019607843 13
1728044077884 0.6529411764705882 14
1728044764241 0.6607843137254902 15
1728045447336 0.6764705882352942 16
1728046129523 0.6823529411764706 17
1728046865606 0.7 18
1728047534373 0.7058823529411765 19
1728048220633 0.6764705882352942 20
1728048905457 0.6803921568627451 21
1728049590094 0.6901960784313725 22
1728050275627 0.7 23
1728051158182 0.7 24
