1728204714888 0.3137254901960784 1
1728205361316 0.39215686274509803 2
1728206008539 0.46078431372549017 3
1728206656896 0.49019607843137253 4
1728207301252 0.5196078431372549 5
1728207947487 0.515686274509804 6
1728208589058 0.5431372549019607 7
1728209233492 0.5431372549019607 8
1728209880655 0.5490196078431373 9
1728210533606 0.5666666666666667 10
1728211185563 0.5666666666666667 11
1728211836767 0.5686274509803921 12
1728212482220 0.5705882352941176 13
1728213132533 0.5823529411764706 14
1728213782588 0.5980392156862745 15
1728214431427 0.6 16
1728215081875 0.5941176470588235 17
1728215754188 0.6058823529411764 18
1728216395270 0.5647058823529412 19
1728217044845 0.6294117647058823 20
