1728204714888 1.6929930925369263 1
1728205361316 1.380075716972351 2
1728206008539 1.3553946971893311 3
1728206656896 1.2807150959968567 4
1728207301252 1.3292573034763335 5
1728207947487 1.277765429019928 6
1728208589058 1.325690472126007 7
1728209233492 1.2844619691371917 8
1728209880655 1.2351013958454131 9
1728210533606 1.3057691216468812 10
1728211185563 1.3440282762050628 11
1728211836767 1.224460619688034 12
1728212482220 1.2889380514621736 13
1728213132533 1.242383861541748 14
1728213782588 1.1857009053230285 15
1728214431427 1.3247579038143158 16
1728215081875 1.3523146033287048 17
1728215754188 1.2813945651054381 18
1728216395270 1.293682187795639 19
1728217044845 1.2488381147384644 20
