1728407849914 1.6768420934677124 1
1728408502320 1.445223045349121 2
1728409161259 1.286847710609436 3
1728409819167 1.2302903413772583 4
1728410479934 1.1994125843048096 5
1728411141679 1.118889147043228 6
1728411802595 1.095017421245575 7
1728412462751 1.091304785013199 8
1728413126322 1.0902386724948883 9
1728413791827 1.0408970773220063 10
1728414456180 1.0332064867019652 11
1728415122813 1.0186213076114654 12
1728415785126 1.044351190328598 13
1728416449579 1.007031297683716 14
1728417109824 0.9608201026916504 15
1728417769290 1.0570592164993287 16
1728418426618 1.0236248135566712 17
1728419086097 0.9572402894496918 18
1728419745679 1.0168801069259643 19
1728420408461 1.007292640209198 20
1728421071347 1.013490802049637 21
1728421731400 0.9721771836280823 22
1728422391378 1.0331865429878235 23
