1728407849914 0.3254901960784314 1
1728408502320 0.403921568627451 2
1728409161259 0.49019607843137253 3
1728409819167 0.5137254901960784 4
1728410479934 0.5235294117647059 5
1728411141679 0.5803921568627451 6
1728411802595 0.5901960784313726 7
1728412462751 0.596078431372549 8
1728413126322 0.6254901960784314 9
1728413791827 0.6215686274509804 10
1728414456180 0.6078431372549019 11
1728415122813 0.6235294117647059 12
1728415785126 0.6490196078431373 13
1728416449579 0.6352941176470588 14
1728417109824 0.6509803921568628 15
1728417769290 0.6411764705882353 16
1728418426618 0.6470588235294118 17
1728419086097 0.6882352941176471 18
1728419745679 0.6529411764705882 19
1728420408461 0.6568627450980392 20
1728421071347 0.6549019607843137 21
1728421731400 0.6490196078431373 22
1728422391378 0.6686274509803921 23
