1729008413773 0.32941176470588235 1
1729009066596 0.3862745098039216 2
1729009720285 0.46078431372549017 3
1729010374960 0.5117647058823529 4
1729011029783 0.5352941176470588 5
1729011685706 0.5627450980392157 6
1729012342517 0.5509803921568628 7
1729012998913 0.5705882352941176 8
1729013660431 0.5941176470588235 9
1729014314236 0.596078431372549 10
1729014971033 0.6294117647058823 11
1729015633993 0.6411764705882353 12
1729016295810 0.6490196078431373 13
1729016952045 0.6450980392156863 14
1729017605462 0.6431372549019608 15
1729018262235 0.6803921568627451 16
1729018915321 0.6725490196078432 17
1729019572231 0.7 18
1729020227641 0.6803921568627451 19
1729020880778 0.6647058823529411 20
1729021535660 0.6509803921568628 21
1729022190591 0.6803921568627451 22
1729022842188 0.7 23
1729023498184 0.6980392156862745 24
