1729008413773 1.6955623507499695 1
1729009066596 1.431804120540619 2
1729009720285 1.3019730210304261 3
1729010374960 1.262528693675995 4
1729011029783 1.192834633588791 5
1729011685706 1.1504706144332886 6
1729012342517 1.120634377002716 7
1729012998913 1.0857861161231994 8
1729013660431 1.079380452632904 9
1729014314236 1.0330343425273896 10
1729014971033 0.9621610581874848 11
1729015633993 0.9563948750495911 12
1729016295810 0.9643205940723419 13
1729016952045 0.9301171004772186 14
1729017605462 0.8965073645114898 15
1729018262235 0.8993708729743958 16
1729018915321 0.9158024847507477 17
1729019572231 0.8626703381538391 18
1729020227641 0.8336159944534302 19
1729020880778 0.8872109591960907 20
1729021535660 0.8939084708690643 21
1729022190591 0.8508341133594512 22
1729022842188 0.846894359588623 23
1729023498184 0.8661845088005066 24
