1729141283303 1.6737461805343627 1
1729141921848 1.4388354659080504 2
1729142563286 1.302631950378418 3
1729143204460 1.2528482675552368 4
1729144061409 1.167322963476181 5
1729144931445 1.1076281011104583 6
1729145805392 1.0695974826812744 7
1729146678665 1.0472380936145782 8
1729147555359 1.0383134663105011 9
1729148427549 0.9992795586585999 10
1729149303575 0.9580230414867401 11
1729150176116 0.916668277978897 12
1729151049169 0.9366869390010834 13
1729151926537 0.9292841076850891 14
1729152800711 0.8624831974506378 15
1729153675419 0.898611056804657 16
1729154553497 0.8915825843811035 17
1729155430507 0.8461515426635742 18
1729156307174 0.851380580663681 19
1729157184910 0.8590396285057068 20
1729158059975 0.8813017129898071 21
1729158936244 0.8205118417739868 22
1729159815245 0.8180497944355011 23
1729160692753 0.8691562950611115 24
1729161571256 0.8664512127637863 25
1729162448254 0.8690490573644638 26
1729163328274 0.8491577684879303 27
1729164210037 0.8220037221908569 28
