1729141283303 0.33725490196078434 1
1729141921848 0.38235294117647056 2
1729142563286 0.4549019607843137 3
1729143204460 0.515686274509804 4
1729144061409 0.5588235294117647 5
1729144931445 0.5686274509803921 6
1729145805392 0.5549019607843138 7
1729146678665 0.5882352941176471 8
1729147555359 0.5941176470588235 9
1729148427549 0.6235294117647059 10
1729149303575 0.6254901960784314 11
1729150176116 0.6666666666666666 12
1729151049169 0.6764705882352942 13
1729151926537 0.6431372549019608 14
1729152800711 0.6725490196078432 15
1729153675419 0.6725490196078432 16
1729154553497 0.6882352941176471 17
1729155430507 0.7019607843137254 18
1729156307174 0.703921568627451 19
1729157184910 0.692156862745098 20
1729158059975 0.6764705882352942 21
1729158936244 0.6941176470588235 22
1729159815245 0.6862745098039216 23
1729160692753 0.7 24
1729161571256 0.711764705882353 25
1729162448254 0.7098039215686275 26
1729163328274 0.711764705882353 27
1729164210037 0.7098039215686275 28
