1727651010665 0.23137254901960785 1
1727651662768 0.3764705882352941 2
1727652318796 0.4666666666666667 3
1727652971669 0.4627450980392157 4
1727653626575 0.5078431372549019 5
1727654279364 0.5529411764705883 6
1727654936031 0.5352941176470588 7
1727655664416 0.5549019607843138 8
1727656322765 0.5549019607843138 9
1727656981251 0.5745098039215686 10
1727657638543 0.5568627450980392 11
1727658290238 0.6019607843137255 12
1727658945036 0.6137254901960785 13
1727659602694 0.6294117647058823 14
1727660258656 0.6392156862745098 15
1727660910577 0.6019607843137255 16
1727661569110 0.6137254901960785 17
1727662220300 0.6333333333333333 18
1727662879918 0.5980392156862745 19
1727663534850 0.6352941176470588 20
1727664192388 0.6431372549019608 21
1727664848665 0.615686274509804 22
1727665550366 0.6686274509803921 23
1727666192514 0.6294117647058823 24
1727666852787 0.6313725490196078 25
1727667515726 0.6647058823529411 26
