1727651010665 1.7296816945075988 1
1727651662768 1.4831514596939086 2
1727652318796 1.3558297634124756 3
1727652971669 1.3094763159751892 4
1727653626575 1.2508766055107117 5
1727654279364 1.2046520233154296 6
1727654936031 1.1655019402503968 7
1727655664416 1.1676110684871674 8
1727656322765 1.186553966999054 9
1727656981251 1.0992148995399476 10
1727657638543 1.106711357831955 11
1727658290238 1.044084185361862 12
1727658945036 1.0474712669849395 13
1727659602694 1.074292677640915 14
1727660258656 0.9873543977737427 15
1727660910577 1.0812067925930022 16
1727661569110 1.085682648420334 17
1727662220300 1.0296283304691314 18
1727662879918 0.9928684413433075 19
1727663534850 0.9849592328071595 20
1727664192388 0.9526932537555695 21
1727664848665 1.0782636761665345 22
1727665550366 0.9833913326263428 23
1727666192514 1.0755120873451234 24
1727666852787 1.0159833133220673 25
1727667515726 0.9868786752223968 26
