1727829058626 0.3431372549019608 1
1727829952958 0.3980392156862745 2
1727830852243 0.48823529411764705 3
1727831745126 0.503921568627451 4
1727832638054 0.5549019607843138 5
1727833534523 0.5823529411764706 6
1727834428959 0.5705882352941176 7
1727835325494 0.5843137254901961 8
1727836219336 0.592156862745098 9
1727837117622 0.6 10
1727838014267 0.6176470588235294 11
1727838912528 0.6627450980392157 12
1727839929091 0.6745098039215687 13
1727840576202 0.6450980392156863 14
1727841357365 0.6666666666666666 15
1727842416076 0.6745098039215687 16
1727843344967 0.6882352941176471 17
1727844284234 0.7019607843137254 18
1727845221778 0.7156862745098039 19
1727846152935 0.6882352941176471 20
1727847089473 0.6843137254901961 21
1727848024231 0.6980392156862745 22
1727849049117 0.692156862745098 23
1727849977650 0.703921568627451 24
1727850907173 0.7098039215686275 25
1727851838773 0.696078431372549 26
1727852774615 0.7392156862745098 27
1727853711360 0.7215686274509804 28
