1727829058626 1.6762045621871948 1
1727829952958 1.4284295439720154 2
1727830852243 1.2901965975761414 3
1727831745126 1.2522807717323303 4
1727832638054 1.1718968808650971 5
1727833534523 1.1214832723140717 6
1727834428959 1.0845100820064544 7
1727835325494 1.060685819387436 8
1727836219336 1.073077392578125 9
1727837117622 1.0173965215682983 10
1727838014267 0.9611996531486511 11
1727838912528 0.9063584446907044 12
1727839929091 0.9171940386295319 13
1727840576202 0.9251399517059327 14
1727841357365 0.8723406434059143 15
1727842416076 0.8754312932491303 16
1727843344967 0.8797998130321503 17
1727844284234 0.8472504436969757 18
1727845221778 0.8306272387504577 19
1727846152935 0.8213649332523346 20
1727847089473 0.8567962050437927 21
1727848024231 0.8262162029743194 22
1727849049117 0.7749633848667145 23
1727849977650 0.8143000602722168 24
1727850907173 0.8162664532661438 25
1727851838773 0.8515754401683807 26
1727852774615 0.7964714109897614 27
1727853711360 0.806977391242981 28
