1728144645910 0.3137254901960784 1
1728145312560 0.3784313725490196 2
1728145978521 0.4725490196078431 3
1728146642272 0.5215686274509804 4
1728147308556 0.5588235294117647 5
1728147970516 0.5647058823529412 6
1728148634490 0.5627450980392157 7
1728149302867 0.5941176470588235 8
1728149973816 0.6098039215686275 9
1728150642726 0.6078431372549019 10
1728151305151 0.6235294117647059 11
1728151968985 0.6588235294117647 12
1728152630366 0.6686274509803921 13
1728153290584 0.6431372549019608 14
1728153958069 0.6705882352941176 15
1728154622833 0.6901960784313725 16
1728155285472 0.6745098039215687 17
1728155952939 0.692156862745098 18
1728156616267 0.7156862745098039 19
1728157279048 0.7058823529411765 20
1728157943480 0.7 21
1728158610324 0.6941176470588235 22
1728159275762 0.696078431372549 23
1728159941825 0.711764705882353 24
1728160607926 0.7254901960784313 25
1728161272533 0.7098039215686275 26
1728161936596 0.7176470588235294 27
1728162599373 0.7176470588235294 28
