1728144645910 1.6869243860244751 1
1728145312560 1.4344115614891053 2
1728145978521 1.297548770904541 3
1728146642272 1.2393669486045837 4
1728147308556 1.1735915899276734 5
1728147970516 1.0983850300312041 6
1728148634490 1.0738660454750062 7
1728149302867 1.0392916798591614 8
1728149973816 1.0518764555454254 9
1728150642726 0.9895884692668915 10
1728151305151 0.9377470195293427 11
1728151968985 0.9021761417388916 12
1728152630366 0.9217674434185028 13
1728153290584 0.9085927069187164 14
1728153958069 0.8639725148677826 15
1728154622833 0.8657513380050659 16
1728155285472 0.8855290591716767 17
1728155952939 0.8590406954288483 18
1728156616267 0.8330305993556977 19
1728157279048 0.846304976940155 20
1728157943480 0.8447474777698517 21
1728158610324 0.8324284434318543 22
1728159275762 0.7985024809837341 23
1728159941825 0.8296606421470643 24
1728160607926 0.8375278830528259 25
1728161272533 0.8646352410316467 26
1728161936596 0.8252878010272979 27
1728162599373 0.8109880924224854 28
