1727546856168 0.33137254901960783 1
1727547511287 0.4117647058823529 2
1727548164162 0.4843137254901961 3
1727548819669 0.49019607843137253 4
1727549475519 0.515686274509804 5
1727550128794 0.5529411764705883 6
1727550779989 0.5509803921568628 7
1727551432659 0.5333333333333333 8
1727552090421 0.5647058823529412 9
1727552748984 0.5686274509803921 10
1727553403990 0.5509803921568628 11
1727554059038 0.5941176470588235 12
1727554708136 0.6 13
1727555358904 0.615686274509804 14
1727556008748 0.6019607843137255 15
1727556660399 0.6058823529411764 16
1727557321898 0.6058823529411764 17
1727557979654 0.6176470588235294 18
1727558634759 0.6039215686274509 19
1727559317037 0.5882352941176471 20
