1727546856168 1.7063846826553344 1
1727547511287 1.4643448829650878 2
1727548164162 1.340843915939331 3
1727548819669 1.2848613142967225 4
1727549475519 1.270308142900467 5
1727550128794 1.2174656331539153 6
1727550779989 1.1871108889579773 7
1727551432659 1.206961554288864 8
1727552090421 1.234421980381012 9
1727552748984 1.12382333278656 10
1727553403990 1.16663938164711 11
1727554059038 1.0902016818523408 12
1727554708136 1.0968319058418274 13
1727555358904 1.0909190952777863 14
1727556008748 1.082645708322525 15
1727556660399 1.1740501880645753 16
1727557321898 1.147200357913971 17
1727557979654 1.1205585598945618 18
1727558634759 1.1036406755447388 19
1727559317037 1.1137600898742677 20
