1728897142734 0.27450980392156865 1
1728897784003 0.4196078431372549 2
1728898424728 0.43529411764705883 3
1728899068103 0.4980392156862745 4
1728899708869 0.5098039215686274 5
1728900349643 0.49411764705882355 6
1728900991350 0.515686274509804 7
1728901635369 0.5372549019607843 8
1728902289195 0.5372549019607843 9
1728902934872 0.5235294117647059 10
1728903581260 0.5235294117647059 11
1728904231401 0.5941176470588235 12
1728904886044 0.5764705882352941 13
1728905537703 0.5745098039215686 14
1728906186059 0.5647058823529412 15
1728906835115 0.5705882352941176 16
1728907484281 0.5784313725490197 17
1728908134071 0.6235294117647059 18
1728908784066 0.6 19
