1728897142734 1.7029723286628724 1
1728897784003 1.4172430634498596 2
1728898424728 1.4024908781051635 3
1728899068103 1.2897321581840515 4
1728899708869 1.2928279519081116 5
1728900349643 1.382044005393982 6
1728900991350 1.2656559824943543 7
1728901635369 1.2987196683883666 8
1728902289195 1.2278631150722503 9
1728902934872 1.2337513506412505 10
1728903581260 1.412279212474823 11
1728904231401 1.1854206383228303 12
1728904886044 1.2709134578704835 13
1728905537703 1.136605089902878 14
1728906186059 1.2834479331970214 15
1728906835115 1.3275802373886108 16
1728907484281 1.3400502979755402 17
1728908134071 1.23712877035141 18
1728908784066 1.218159544467926 19
