1728937213697 0.307843137254902 1
1728937836054 0.403921568627451 2
1728938475662 0.4843137254901961 3
1728939120306 0.5333333333333333 4
1728939767910 0.5098039215686274 5
1728940411510 0.5313725490196078 6
1728941054823 0.5529411764705883 7
1728941701332 0.5901960784313726 8
1728942351556 0.5784313725490197 9
1728943001498 0.5901960784313726 10
1728943651724 0.6 11
1728944301309 0.6352941176470588 12
1728944948153 0.6431372549019608 13
1728945678320 0.6254901960784314 14
1728946300309 0.6058823529411764 15
1728946948207 0.6176470588235294 16
1728947598273 0.6470588235294118 17
1728948248228 0.6607843137254902 18
1728948898260 0.6588235294117647 19
1728949548960 0.6333333333333333 20
1728950201490 0.6509803921568628 21
1728950856015 0.6529411764705882 22
1728951507848 0.6568627450980392 23
1728952158133 0.6705882352941176 24
1728952808134 0.6549019607843137 25
1728953458323 0.6745098039215687 26
1728954108129 0.6862745098039216 27
1728954759398 0.6666666666666666 28
1728955408205 0.6784313725490196 29
