1728937213697 1.7006089210510253 1
1728937836054 1.405356776714325 2
1728938475662 1.3316060066223145 3
1728939120306 1.2343913793563843 4
1728939767910 1.2200380444526673 5
1728940411510 1.2227888107299805 6
1728941054823 1.1498082041740418 7
1728941701332 1.0985336542129516 8
1728942351556 1.123966544866562 9
1728943001498 1.03530051112175 10
1728943651724 1.0573439300060272 11
1728944301309 0.9998729407787323 12
1728944948153 1.0122284889221191 13
1728945678320 0.9869868993759155 14
1728946300309 1.0132676184177398 15
1728946948207 0.9747058033943177 16
1728947598273 1.0938740968704224 17
1728948248228 0.9698513567447662 18
1728948898260 0.965037727355957 19
1728949548960 1.0379187881946563 20
1728950201490 1.0140215456485748 21
1728950856015 0.9668929994106292 22
1728951507848 1.0090709030628204 23
1728952158133 0.9483943939208984 24
1728952808134 1.018332839012146 25
1728953458323 0.9775068938732148 26
1728954108129 1.02575244307518 27
1728954759398 0.9583334922790527 28
1728955408205 0.9614438474178314 29
