1728126056019 0.32745098039215687 1
1728126715713 0.3941176470588235 2
1728127376498 0.4764705882352941 3
1728128039062 0.5176470588235295 4
1728128701295 0.5627450980392157 5
1728129361994 0.5725490196078431 6
1728130024712 0.5588235294117647 7
1728130681552 0.611764705882353 8
1728131339192 0.6137254901960785 9
1728132039585 0.615686274509804 10
1728132686291 0.6392156862745098 11
1728133347446 0.6803921568627451 12
1728134009990 0.6686274509803921 13
1728134669269 0.6568627450980392 14
1728135328871 0.6843137254901961 15
1728135996060 0.6882352941176471 16
1728136662648 0.6843137254901961 17
1728137330441 0.703921568627451 18
1728137990869 0.703921568627451 19
1728138648055 0.7098039215686275 20
1728139323810 0.6941176470588235 21
1728139980349 0.692156862745098 22
1728140631310 0.7058823529411765 23
1728141289161 0.7176470588235294 24
1728141948466 0.7137254901960784 25
1728142605520 0.7254901960784313 26
1728143268394 0.7294117647058823 27
1728143942731 0.7098039215686275 28
