1728126056019 1.685047483444214 1
1728126715713 1.420940363407135 2
1728127376498 1.2839091658592223 3
1728128039062 1.233426856994629 4
1728128701295 1.162296998500824 5
1728129361994 1.0953915238380432 6
1728130024712 1.057285076379776 7
1728130681552 1.0293736279010772 8
1728131339192 1.039557832479477 9
1728132039585 0.9945655465126038 10
1728132686291 0.9310020685195923 11
1728133347446 0.9030320882797241 12
1728134009990 0.9291040897369385 13
1728134669269 0.8981123268604279 14
1728135328871 0.8490644812583923 15
1728135996060 0.8816259920597076 16
1728136662648 0.8847399294376374 17
1728137330441 0.8485092043876648 18
1728137990869 0.844801789522171 19
1728138648055 0.8352766454219818 20
1728139323810 0.858140230178833 21
1728139980349 0.8514344871044159 22
1728140631310 0.8047031462192535 23
1728141289161 0.8383648216724395 24
1728141948466 0.8794215381145477 25
1728142605520 0.853845801949501 26
1728143268394 0.8310478270053864 27
1728143942731 0.8449382066726685 28
