1728436480461 0.32745098039215687 1
1728437140481 0.38823529411764707 2
1728437800360 0.4764705882352941 3
1728438461590 0.515686274509804 4
1728439125854 0.5470588235294118 5
1728439790332 0.5764705882352941 6
1728440452229 0.5568627450980392 7
1728441165509 0.5980392156862745 8
1728441822110 0.6176470588235294 9
1728442480346 0.6058823529411764 10
1728443284405 0.6274509803921569 11
1728444003900 0.6823529411764706 12
1728444650624 0.6666666666666666 13
1728445448258 0.6529411764705882 14
1728446184546 0.6686274509803921 15
1728446836653 0.6784313725490196 16
1728447492443 0.6725490196078432 17
1728448146619 0.7 18
1728448802664 0.7156862745098039 19
1728449459246 0.6843137254901961 20
1728450220335 0.692156862745098 21
1728450878640 0.6980392156862745 22
1728451538649 0.6882352941176471 23
1728452197641 0.7098039215686275 24
1728452854492 0.7196078431372549 25
1728453541254 0.7098039215686275 26
1728454192316 0.7313725490196078 27
1728454846064 0.7235294117647059 28
