1728436480461 1.685047483444214 1
1728437140481 1.4196867942810059 2
1728437800360 1.2852388739585876 3
1728438461590 1.2333850383758544 4
1728439125854 1.1660742282867431 5
1728439790332 1.0958527982234956 6
1728440452229 1.0589350879192352 7
1728441165509 1.045082724094391 8
1728441822110 1.0465356349945067 9
1728442480346 1.0040353536605835 10
1728443284405 0.9433206856250763 11
1728444003900 0.9166965186595917 12
1728444650624 0.9419452369213104 13
1728445448258 0.9183177411556244 14
1728446184546 0.8649496853351593 15
1728446836653 0.8957641899585724 16
1728447492443 0.8747675091028213 17
1728448146619 0.8390051186084747 18
1728448802664 0.8379039466381073 19
1728449459246 0.846256023645401 20
1728450220335 0.856323105096817 21
1728450878640 0.8519710004329681 22
1728451538649 0.8057521939277649 23
1728452197641 0.8463956236839294 24
1728452854492 0.8712716609239578 25
1728453541254 0.8386681973934174 26
1728454192316 0.8163931190967559 27
1728454846064 0.8100489258766175 28
