1727423951514 0.2235294117647059 1
1727424668187 0.3764705882352941 2
1727425325655 0.4647058823529412 3
1727425961667 0.4549019607843137 4
1727426608109 0.503921568627451 5
1727427256476 0.5568627450980392 6
1727427957909 0.5352941176470588 7
1727428608695 0.5568627450980392 8
1727429252093 0.5745098039215686 9
1727429919327 0.6019607843137255 10
1727430565812 0.5686274509803921 11
1727431218272 0.5941176470588235 12
1727431874488 0.6333333333333333 13
1727432530929 0.6235294117647059 14
1727433184956 0.6431372549019608 15
1727433845615 0.611764705882353 16
1727434504003 0.6274509803921569 17
1727435158678 0.6352941176470588 18
1727435812871 0.6352941176470588 19
1727436470043 0.6294117647058823 20
