1727423951514 1.727166748046875 1
1727424668187 1.5242574572563172 2
1727425325655 1.4047942280769348 3
1727425961667 1.3296708464622498 4
1727426608109 1.2537257671356201 5
1727427256476 1.214140236377716 6
1727427957909 1.1760138630867005 7
1727428608695 1.166878879070282 8
1727429252093 1.1739206612110138 9
1727429919327 1.0891689300537108 10
1727430565812 1.1011616170406342 11
1727431218272 1.0834524035453796 12
1727431874488 1.022734808921814 13
1727432530929 1.0747660636901855 14
1727433184956 0.9571880877017975 15
1727433845615 1.0705452680587768 16
1727434504003 1.0968152105808258 17
1727435158678 1.030386108160019 18
1727435812871 0.9985242247581482 19
1727436470043 0.9900963008403778 20
