1727760388327 1.657707118988037 1
1727761034409 1.4281874418258667 2
1727761679925 1.27616548538208 3
1727762371151 1.2381400048732758 4
1727763004954 1.2061504483222962 5
1727763651742 1.1471413671970367 6
1727764359540 1.0981389880180359 7
1727764989677 1.1347317576408387 8
1727765668937 1.0951163709163665 9
1727766304246 1.061675626039505 10
1727766948648 1.042905730009079 11
1727767593540 1.003310364484787 12
1727768242264 1.0328652024269105 13
1727768890235 1.0131068468093871 14
1727769534071 1.0086742103099824 15
1727770184971 1.072951477766037 16
1727770835024 1.0381917119026185 17
