1727760388327 0.33137254901960783 1
1727761034409 0.396078431372549 2
1727761679925 0.5235294117647059 3
1727762371151 0.5176470588235295 4
1727763004954 0.5235294117647059 5
1727763651742 0.5725490196078431 6
1727764359540 0.5745098039215686 7
1727764989677 0.5803921568627451 8
1727765668937 0.596078431372549 9
1727766304246 0.6137254901960785 10
1727766948648 0.596078431372549 11
1727767593540 0.6098039215686275 12
1727768242264 0.6215686274509804 13
1727768890235 0.6313725490196078 14
1727769534071 0.6450980392156863 15
1727770184971 0.6333333333333333 16
1727770835024 0.6470588235294118 17
