1728335575718 1.6955623745918273 1
1728336226704 1.4355911493301392 2
1728336878635 1.3048632979393004 3
1728337531090 1.2659777641296386 4
1728338182693 1.2006815552711487 5
1728338836082 1.1483051240444184 6
1728339494680 1.107587504386902 7
1728340151441 1.0805347561836243 8
1728340808857 1.0722521841526031 9
1728341469169 1.0222850441932678 10
1728342129205 0.9757155537605285 11
1728342788255 0.9478833973407745 12
1728343448419 0.9673747420310974 13
1728344132938 0.9447154879570008 14
1728344781512 0.8938809514045716 15
1728345436994 0.8892177522182465 16
1728346121321 0.9195151209831238 17
1728346772705 0.87116619348526 18
1728347431108 0.8370733976364135 19
1728348086163 0.8943939566612243 20
1728348746451 0.8906616032123565 21
1728349405953 0.8675311148166657 22
1728350068544 0.8272765338420868 23
1728350726945 0.8775389850139618 24
1728351397474 0.8211253643035888 25
1728352052430 0.861424309015274 26
1728352711588 0.8296661674976349 27
1728353370052 0.7885575950145721 28
1728354029254 0.7972941696643829 29
1728354688626 0.7736922323703765 30
1728355346558 0.7951303273439407 31
1728356002441 0.8429972410202027 32
1728356729503 0.8240556061267853 33
1728357368883 0.8647943556308746 34
1728358021851 0.7831115692853927 35
