1728335575718 0.32941176470588235 1
1728336226704 0.38823529411764707 2
1728336878635 0.4568627450980392 3
1728337531090 0.5058823529411764 4
1728338182693 0.5450980392156862 5
1728338836082 0.5607843137254902 6
1728339494680 0.5490196078431373 7
1728340151441 0.5725490196078431 8
1728340808857 0.5980392156862745 9
1728341469169 0.6078431372549019 10
1728342129205 0.6196078431372549 11
1728342788255 0.6568627450980392 12
1728343448419 0.6372549019607843 13
1728344132938 0.6372549019607843 14
1728344781512 0.6450980392156863 15
1728345436994 0.6803921568627451 16
1728346121321 0.6647058823529411 17
1728346772705 0.6823529411764706 18
1728347431108 0.6764705882352942 19
1728348086163 0.6607843137254902 20
1728348746451 0.6686274509803921 21
1728349405953 0.6784313725490196 22
1728350068544 0.692156862745098 23
1728350726945 0.7 24
1728351397474 0.707843137254902 25
1728352052430 0.6882352941176471 26
1728352711588 0.7137254901960784 27
1728353370052 0.703921568627451 28
1728354029254 0.707843137254902 29
1728354688626 0.7058823529411765 30
1728355346558 0.7019607843137254 31
1728356002441 0.7196078431372549 32
1728356729503 0.7137254901960784 33
1728357368883 0.711764705882353 34
1728358021851 0.703921568627451 35
