1728290425359 1.682981300354004 1
1728291076070 1.4120179295539856 2
1728291731782 1.3013248205184937 3
1728292386250 1.2463809251785278 4
1728293040525 1.1875293374061584 5
1728293778657 1.1347261548042298 6
1728294434347 1.1010928571224212 7
1728295088503 1.0508704364299775 8
1728295745062 1.0287140607833862 9
1728296401752 1.0212130188941955 10
1728297061433 0.9317338049411774 11
1728297722534 0.9139476418495178 12
1728298383399 0.9351726710796356 13
1728299035452 0.8911883413791657 14
1728299691918 0.8569707751274109 15
1728300351241 0.8740960538387299 16
1728301010711 0.8875562131404877 17
1728301671157 0.8521055161952973 18
1728302332240 0.8012547731399536 19
1728302992701 0.861100172996521 20
1728303694071 0.8787776887416839 21
1728304456757 0.8393353462219239 22
1728305243582 0.8014255404472351 23
1728306127028 0.8463925063610077 24
