1728290425359 0.33137254901960783 1
1728291076070 0.396078431372549 2
1728291731782 0.4549019607843137 3
1728292386250 0.5058823529411764 4
1728293040525 0.5529411764705883 5
1728293778657 0.5666666666666667 6
1728294434347 0.5529411764705883 7
1728295088503 0.5941176470588235 8
1728295745062 0.6313725490196078 9
1728296401752 0.6176470588235294 10
1728297061433 0.6313725490196078 11
1728297722534 0.6745098039215687 12
1728298383399 0.6627450980392157 13
1728299035452 0.6568627450980392 14
1728299691918 0.6647058823529411 15
1728300351241 0.6647058823529411 16
1728301010711 0.6627450980392157 17
1728301671157 0.707843137254902 18
1728302332240 0.707843137254902 19
1728302992701 0.6784313725490196 20
1728303694071 0.6843137254901961 21
1728304456757 0.696078431372549 22
1728305243582 0.7 23
1728306127028 0.6941176470588235 24
